5 0.7828371278458844 0.29790712884238063 0.0691768826619965 0.15892740353172008
2 0.7907180385288967 0.36919555264879006 0.07530647985989491 0.18247220405493786
1 0.8117338003502627 0.4921517331589274 0.06042031523642732 0.1327665140614781
1 0.7554728546409807 0.21157619359058208 0.0521015761821366 0.1236102027468934
3 0.7445271453590193 0.1353826030085023 0.05647985989492119 0.11379986919555266
3 0.8270577933450087 0.6079136690647482 0.07355516637478109 0.118378024852845
6 0.8421628721541156 0.7341399607586658 0.07136602451838879 0.12753433616742968
6 0.7421190893169878 0.06507521255722695 0.04903677758318739 0.1026814911706998
4 0.6604640980735552 0.06638325703073905 0.03984238178633975 0.09352517985611511
4 0.6661558669001751 0.14519293655984303 0.03896672504378284 0.09156311314584696
4 0.6779772329246935 0.22694571615434925 0.04159369527145359 0.09417920209287116
4 0.6858581436077058 0.30706344015696535 0.040718038528896675 0.09483322432962721
4 0.6983362521891419 0.40124264224983647 0.047285464098073555 0.09614126880313931
4 0.7095008756567426 0.5088293001962066 0.0521015761821366 0.10202746893394375
4 0.7250437828371279 0.6164159581425769 0.04816112084063047 0.1079136690647482
4 0.7401488616462347 0.7377370830608241 0.0521015761821366 0.10595160235448005
11 0.18870402802101577 0.2782864617396992 0.05866900175131348 0.16677567037279267
8 0.1762259194395797 0.36363636363636365 0.06611208406304729 0.19097449313276652
7 0.19505253940455342 0.2024198822759974 0.047723292469352016 0.1327665140614781
7 0.16243432574430824 0.4882275997383911 0.0542907180385289 0.12884238064094178
9 0.2103765323992995 0.12557226945716154 0.05122591943957969 0.12426422498364945
9 0.1690017513134851 0.6020274689339438 0.06129597197898424 0.1379986919555265
12 0.14163747810858143 0.7472204054937868 0.0669877408056042 0.1327665140614781
12 0.2112521891418564 0.05199476782210595 0.04597197898423818 0.1039895356442119
10 0.28546409807355516 0.13996075866579463 0.042907180385288964 0.09548724656638326
10 0.287215411558669 0.058862001308044476 0.03940455341506129 0.09548724656638326
10 0.2834938704028021 0.22269457161543493 0.040718038528896675 0.09483322432962721
10 0.2778021015761821 0.30967952910398955 0.043345008756567424 0.1000654022236756
10 0.2773642732049037 0.4090909090909091 0.04509632224168126 0.0974493132766514
10 0.2670753064798599 0.513080444735121 0.04553415061295972 0.09483322432962721
10 0.26532399299474607 0.6134728580771747 0.04903677758318739 0.10202746893394375
10 0.25197022767075306 0.7361020274689339 0.06085814360770578 0.1092217135382603