10 0.27648861646234674 0.1671026814911707 0.05823117338003503 0.1092217135382603
7 0.4441768826619965 0.43100065402223675 0.059982486865148864 0.13996075866579463
8 0.16615586690017514 0.30608240680183124 0.0766199649737303 0.2053629823413996
11 0.3471978984238179 0.15075212557226947 0.06304728546409807 0.17854807063440156
12 0.4365148861646235 0.3407455853499019 0.06042031523642732 0.12818835840418574
9 0.4516199649737303 0.6487900588620014 0.0669877408056042 0.15565729234793982
10 0.2589754816112084 0.33649444081098756 0.05647985989492119 0.118378024852845
10 0.35442206654991243 0.5601700457815566 0.05910683012259194 0.1223021582733813
6 0.271015761821366 0.06932635709614127 0.05779334500875657 0.12688031393067364
3 0.2449649737302977 0.6455199476782211 0.06873905429071804 0.15827338129496402
2 0.7705779334500875 0.30052321778940483 0.0893169877408056 0.20601700457815567
4 0.542031523642732 0.6648136036625245 0.05691768826619965 0.1196860693263571
4 0.5901926444833625 0.3512099411379987 0.04903677758318739 0.11379986919555266
4 0.6070490367775832 0.5398953564421191 0.05647985989492119 0.1249182472204055