7 0.4411120840630473 0.43132766514061477 0.0617338003502627 0.1471550032701112
12 0.4365148861646235 0.3378024852844997 0.06567425569176882 0.1353826030085023
11 0.34785464098073554 0.1461739699149771 0.06786339754816112 0.17985611510791366
9 0.4553415061295972 0.6478090255068673 0.07530647985989491 0.1471550032701112
10 0.35683012259194397 0.5611510791366906 0.05516637478108581 0.12818835840418574
10 0.27714535901926446 0.17004578155657293 0.04903677758318739 0.10595160235448005
10 0.25853765323992994 0.3368214519293656 0.06085814360770578 0.11379986919555266
8 0.1637478108581436 0.30379332897318506 0.08056042031523643 0.21124918247220406
6 0.2729859894921191 0.06998037933289732 0.05735551663747811 0.12949640287769784
3 0.236646234676007 0.6406147809025506 0.08274956217162872 0.16285153695225638
2 0.7703590192644484 0.3001962066710268 0.08450087565674255 0.2001308044473512
4 0.5888791593695272 0.3463047743623283 0.053415061295971976 0.1118378024852845
4 0.42885288966725044 0.5376062786134729 0.05560420315236427 0.11641595814257685
4 0.5418126094570929 0.6661216481360366 0.05823117338003503 0.1144538914323087