2 0.6924255691768827 0.31131458469587964 0.0862521891418564 0.2066710268149117
11 0.7381786339754816 0.13865271419228253 0.0796847635726795 0.17266187050359713
7 0.44308231173380036 0.434597776324395 0.06129597197898424 0.1497710922171354
12 0.43695271453590195 0.33976455199476785 0.07005253940455342 0.1366906474820144
6 0.27211033274956214 0.06998037933289732 0.05647985989492119 0.12949640287769784
8 0.16637478108581435 0.3051013734466972 0.0840630472854641 0.21255722694571616
10 0.27626970227670755 0.16350555918901244 0.05866900175131348 0.11249182472204054
10 0.35617338003502624 0.5595160235448006 0.06085814360770578 0.1144538914323087
10 0.2587565674255692 0.33616742969260954 0.05516637478108581 0.11903204708960105
4 0.34697898423817863 0.43982995421844345 0.05647985989492119 0.1131458469587966
4 0.5908493870402802 0.3436886854153041 0.05647985989492119 0.1144538914323087
4 0.5435639229422067 0.6654676258992805 0.053852889667250436 0.118378024852845