2 0.7690455341506129 0.30183126226291696 0.08450087565674255 0.20209287115761937
12 0.4336690017513135 0.33747547416612167 0.06436077057793345 0.13734466971877043
9 0.3526707530647986 0.42576847612818836 0.06523642732049037 0.14780902550686723
7 0.44176882661996497 0.4316546762589928 0.05866900175131348 0.15565729234793982
11 0.3474168126094571 0.14519293655984303 0.06786339754816112 0.17789404839764553
8 0.1672504378283713 0.30346631785480704 0.0796847635726795 0.2145192936559843
10 0.2745183887915937 0.16775670372792675 0.05779334500875657 0.105297580117724
10 0.2591943957968476 0.33911052975801176 0.05516637478108581 0.1144538914323087
10 0.35464098073555167 0.5611510791366906 0.05691768826619965 0.12034009156311315
6 0.2716725043782837 0.07128842380640942 0.06260945709281962 0.13211249182472204
4 0.5912872154115587 0.3463047743623283 0.05297723292469352 0.118378024852845
4 0.4292907180385289 0.5415304120340092 0.05823117338003503 0.10987573577501634
4 0.5433450087565674 0.6657946370176586 0.06042031523642732 0.11903204708960105