5 0.7826182136602452 0.29627207325049054 0.0669877408056042 0.15434924787442772
2 0.7878721541155866 0.36919555264879006 0.06961471103327496 0.18639633747547416
1 0.7095008756567426 0.6157619359058208 0.053852889667250436 0.1379986919555265
1 0.7517513134851138 0.210595160235448 0.049912434325744305 0.13472858077174624
12 0.8380035026269702 0.7328319162851537 0.07267950963222417 0.1379986919555265
12 0.7405866900175131 0.06801831262262917 0.04859894921190893 0.11641595814257685
3 0.4406742556917688 0.394702419882276 0.05647985989492119 0.1301504251144539
3 0.5908493870402802 0.13080444735120994 0.046847635726795095 0.13080444735120994
4 0.6650612959719789 0.1471550032701112 0.03940455341506129 0.08371484630477437
4 0.6578371278458844 0.05984303466317855 0.04246935201401051 0.09614126880313931
4 0.7088441330998249 0.5088293001962066 0.047285464098073555 0.09810333551340746
4 0.6968038528896673 0.4028776978417266 0.046847635726795095 0.10071942446043165
4 0.6740367775831874 0.22563767168083715 0.04246935201401051 0.10071942446043165
4 0.5161996497373029 0.30117724002616086 0.03940455341506129 0.1039895356442119
4 0.6153677758318739 0.6164159581425769 0.04947460595446585 0.1079136690647482
4 0.6440455341506129 0.7396991497710922 0.05253940455341506 0.11379986919555266
12 0.2062171628721541 0.05330281229561805 0.053415061295971976 0.1066056245912361
12 0.25328371278458844 0.7419882275997384 0.06611208406304729 0.1327665140614781
8 0.17162872154115585 0.36330935251798563 0.07355516637478109 0.19555264879005888
11 0.18520140105078808 0.2776324395029431 0.07267950963222417 0.16677567037279267
7 0.15958844133099825 0.4892086330935252 0.0617338003502627 0.13865271419228253
7 0.361646234676007 0.05461085676913015 0.049912434325744305 0.1092217135382603
9 0.3640542907180385 0.197514715500327 0.05472854640980736 0.13342053629823414
9 0.16790718038528896 0.6010464355788097 0.07049036777583187 0.13865271419228253
10 0.44877408056042034 0.7357750163505559 0.053415061295971976 0.10725964682799215
10 0.2648861646234676 0.5101373446697187 0.046409807355516634 0.09810333551340746
10 0.2631348511383538 0.6144538914323087 0.05691768826619965 0.105297580117724
10 0.2753940455341506 0.41007194244604317 0.046409807355516634 0.10333551340745585
10 0.43695271453590195 0.30150425114453894 0.043782837127845885 0.09679529103989536
10 0.4290718038528897 0.1419228253760628 0.043782837127845885 0.09417920209287116
10 0.28152364273204905 0.22171353826030085 0.043782837127845885 0.10202746893394375
10 0.2850262697022767 0.060170045781556575 0.0446584938704028 0.10202746893394375