8 0.1606830122591944 0.4051667756703728 0.07530647985989491 0.20470896010464357
12 0.1963660245183888 0.08992805755395683 0.05823117338003503 0.12622629169391758
7 0.18607705779334502 0.1500981033355134 0.0595446584938704 0.1484630477436233
7 0.1436077057793345 0.6661216481360366 0.07443082311733801 0.1432308698495749
9 0.1630910683012259 0.5461085676913014 0.0617338003502627 0.13996075866579463
9 0.34916812609457093 0.3276651406147809 0.053852889667250436 0.13342053629823414
11 0.34347635726795095 0.14813603662524527 0.06436077057793345 0.17593198168737736
10 0.4137478108581436 0.08600392413342053 0.04903677758318739 0.1092217135382603
10 0.4159369527145359 0.2472204054937868 0.049912434325744305 0.10595160235448005
10 0.27342381786339753 0.16612164813603664 0.04859894921190893 0.10856769130150425
10 0.260507880910683 0.33911052975801176 0.050788091068301226 0.1079136690647482
10 0.2611646234676007 0.44015696533682147 0.05735551663747811 0.10987573577501634
10 0.24649737302977234 0.6664486592544147 0.06304728546409807 0.11510791366906475
5 0.5194833625218914 0.42020928711576194 0.06260945709281962 0.18639633747547416
1 0.3585814360770578 0.5434924787442773 0.06129597197898424 0.14780902550686723
3 0.5941330998248686 0.33616742969260954 0.06042031523642732 0.14388489208633093
3 0.6366024518388792 0.6530412034009156 0.06567425569176882 0.16415958142576847
2 0.771891418563923 0.2949640287769784 0.07880910683012259 0.197514715500327
1 0.649737302977233 0.08534990189666448 0.0542907180385289 0.1379986919555265
6 0.7318301225919439 0.08600392413342053 0.05560420315236427 0.12622629169391758
6 0.8056042031523643 0.540222367560497 0.0691768826619965 0.14388489208633093
4 0.7416812609457093 0.7844996729888816 0.06042031523642732 0.1131458469587966
4 0.6834500875656743 0.34532374100719426 0.049912434325744305 0.10595160235448005
4 0.5766199649737302 0.17625899280575538 0.04903677758318739 0.1118378024852845
4 0.5135726795096323 0.2622629169391759 0.047285464098073555 0.10725964682799215
4 0.6066112084063048 0.5359712230215827 0.0521015761821366 0.1144538914323087
4 0.5407180385288967 0.6677567037279267 0.05253940455341506 0.11903204708960105