6 0.8504816112084063 0.7835186396337476 0.07224168126094571 0.13211249182472204
6 0.7333625218914186 0.08175277959450622 0.053415061295971976 0.10856769130150425
5 0.7059982486865148 0.4136690647482014 0.06348511383537653 0.16939175931981687
2 0.7721103327495622 0.29921517331589276 0.07837127845884413 0.19293655984303465
3 0.8165499124343257 0.5438194898626554 0.07005253940455342 0.131458469587966
3 0.6070490367775832 0.34139960758665794 0.05910683012259194 0.13342053629823414
1 0.7421190893169878 0.15696533682145192 0.05516637478108581 0.13472858077174624
1 0.5201401050788091 0.3315892740353172 0.047285464098073555 0.13603662524525834
4 0.7436514886164624 0.7864617396991498 0.05823117338003503 0.1131458469587966
4 0.6830122591943958 0.34401569653368214 0.0446584938704028 0.10333551340745585
4 0.5759632224168126 0.17724002616088946 0.044220665499124345 0.10856769130150425
4 0.5074430823117339 0.08894702419882276 0.04203152364273205 0.10071942446043165
4 0.5129159369527145 0.26357096141268804 0.04246935201401051 0.10333551340745585
4 0.532399299474606 0.44669718770438194 0.04553415061295972 0.10464355788096795
4 0.6000437828371279 0.5461085676913014 0.046847635726795095 0.11118378024852844
4 0.5435639229422067 0.6684107259646828 0.05122591943957969 0.12034009156311315
8 0.16484238178633975 0.4048397645519948 0.07399299474605954 0.1935905820797907
9 0.3526707530647986 0.33126226291693917 0.05735551663747811 0.1353826030085023
9 0.16112084063047286 0.5467625899280576 0.06830122591943957 0.13211249182472204
12 0.3480735551663748 0.7789404839764552 0.06567425569176882 0.13996075866579463
12 0.19921190893169877 0.09058207979071288 0.049912434325744305 0.1196860693263571
7 0.18651488616462347 0.15238718116415959 0.0542907180385289 0.14257684761281883
7 0.14492119089316988 0.6661216481360366 0.06129597197898424 0.1406147809025507
11 0.27561295971978983 0.2210595160235448 0.0669877408056042 0.16481360366252454
10 0.27429947460595444 0.16808371484630477 0.040718038528896675 0.10464355788096795
10 0.2618213660245184 0.33747547416612167 0.043782837127845885 0.10202746893394375
10 0.41440455341506127 0.08534990189666448 0.043345008756567424 0.1039895356442119
10 0.4168126094570928 0.2462393721386527 0.046409807355516634 0.1066056245912361
10 0.26028896672504376 0.43884892086330934 0.04947460595446585 0.10333551340745585
10 0.24802977232924694 0.6690647482014388 0.05297723292469352 0.10856769130150425
10 0.44833625218914186 0.7890778286461739 0.0542907180385289 0.1157619359058208
10 0.4301663747810858 0.5601700457815566 0.04947460595446585 0.1105297580117724