2 0.7683887915936952 0.2975801177240026 0.0840630472854641 0.2158273381294964
6 0.5691768826619965 0.08665794637017658 0.05779334500875657 0.1327665140614781
1 0.5096322241681261 0.23217789404839764 0.06830122591943957 0.15565729234793982
4 0.6816987740805605 0.34238064094179205 0.0542907180385289 0.1157619359058208
4 0.6077057793345009 0.540876389797253 0.05866900175131348 0.12164813603662525
4 0.5440017513134852 0.6625245258338783 0.05910683012259194 0.12818835840418574
4 0.4185639229422067 0.18116415958142576 0.05779334500875657 0.11903204708960105
3 0.34916812609457093 0.4381948986265533 0.07136602451838879 0.15304120340091562
3 0.24233800350262696 0.6386527141922825 0.07486865148861646 0.16154349247874428
9 0.23336252189141857 0.7844996729888816 0.07618213660245184 0.15369522563767168
12 0.19658493870402802 0.09025506867233486 0.0647985989492119 0.12949640287769784
11 0.3461033274956217 0.1474820143884892 0.06523642732049037 0.17854807063440156
8 0.1644045534150613 0.30477436232831917 0.08537653239929947 0.2027468933943754
7 0.43870402802101577 0.4270765206017005 0.06217162872154115 0.15827338129496402
10 0.3496059544658494 0.3273381294964029 0.0521015761821366 0.1131458469587966
10 0.2747373029772329 0.16677567037279267 0.05647985989492119 0.10987573577501634
10 0.2611646234676007 0.3368214519293656 0.05910683012259194 0.12034009156311315
10 0.35288966725043786 0.5621321124918247 0.06830122591943957 0.1249182472204055