3 0.5899737302977233 0.13309352517985612 0.053852889667250436 0.12753433616742968
3 0.4413309982486865 0.39143230869849577 0.0542907180385289 0.1406147809025507
1 0.7103765323992994 0.6147809025506867 0.06260945709281962 0.13472858077174624
1 0.7583187390542907 0.22007848266841074 0.0542907180385289 0.1353826030085023
2 0.7907180385288967 0.36919555264879006 0.07443082311733801 0.19816873773708307
6 0.8382224168126094 0.7325049051667757 0.07399299474605954 0.14519293655984303
6 0.5873467600700525 0.06278613472858077 0.04947460595446585 0.11510791366906475
5 0.5993870402802102 0.29267495094833224 0.05691768826619965 0.16677567037279267
4 0.6633099824868651 0.14388489208633093 0.043782837127845885 0.09417920209287116
4 0.6751313485113836 0.23086984957488554 0.04553415061295972 0.10071942446043165
4 0.707968476357268 0.5065402223675605 0.053415061295971976 0.0987573577501635
4 0.6989929947460596 0.40156965336821454 0.04597197898423818 0.10071942446043165
4 0.6175569176882661 0.618051013734467 0.05297723292469352 0.11249182472204054
4 0.6444833625218914 0.7413342053629823 0.050788091068301226 0.1131458469587966
4 0.5179509632224168 0.065729234793983 0.042907180385288964 0.09614126880313931
4 0.5153239929947461 0.302812295618051 0.042907180385288964 0.09810333551340746
7 0.3618651488616462 0.0539568345323741 0.0521015761821366 0.1079136690647482
8 0.1725043782837128 0.3659254414650098 0.07267950963222417 0.19686069326357097
7 0.1569614711033275 0.486592544146501 0.06085814360770578 0.13342053629823414
11 0.18739054290718038 0.27926749509483323 0.07092819614711034 0.17396991497710923
12 0.2548161120840631 0.7429692609548725 0.06654991243432574 0.13996075866579463
12 0.20862521891418565 0.05493786788750817 0.05647985989492119 0.10987573577501634
9 0.165061295971979 0.5967952910398954 0.07005253940455342 0.1432308698495749
9 0.36274080560420313 0.19784172661870503 0.05122591943957969 0.1301504251144539
10 0.436077057793345 0.303139306736429 0.047285464098073555 0.1026814911706998
10 0.42797723292469353 0.14028776978417265 0.04859894921190893 0.105297580117724
10 0.28458844133099825 0.05689993459777633 0.043782837127845885 0.10595160235448005
10 0.2821803852889667 0.22171353826030085 0.044220665499124345 0.10202746893394375
10 0.273861646234676 0.408436886854153 0.050350262697022766 0.0987573577501635
10 0.26532399299474607 0.514061478090255 0.05166374781085814 0.09679529103989536
10 0.2635726795096322 0.6137998691955526 0.05166374781085814 0.105297580117724
10 0.44702276707530647 0.7311968606932636 0.05253940455341506 0.10464355788096795