12 0.19746059544658495 0.08665794637017658 0.0691768826619965 0.12753433616742968
12 0.19746059544658495 0.08665794637017658 0.0691768826619965 0.12753433616742968
8 0.1644045534150613 0.4048397645519948 0.08800350262697022 0.223675604970569
11 0.34566549912434325 0.14650098103335513 0.06786339754816112 0.18312622629169392
7 0.18410683012259194 0.15173315892740352 0.059982486865148864 0.14780902550686723
7 0.3572679509632224 0.4274035317200785 0.06742556917688267 0.1497710922171354
9 0.23248686514886166 0.7864617396991498 0.0840630472854641 0.16939175931981687
10 0.2723292469352014 0.1671026814911707 0.047285464098073555 0.1209941137998692
10 0.2583187390542907 0.3394375408763898 0.05516637478108581 0.10987573577501634
10 0.25722416812609455 0.43721386527141926 0.05735551663747811 0.1209941137998692
10 0.35683012259194397 0.5640941792020928 0.06217162872154115 0.1196860693263571
2 0.7705779334500875 0.30346631785480704 0.08493870402802102 0.2132112491824722
3 0.44023642732049034 0.7818835840418574 0.07574430823117338 0.16023544800523218
1 0.5991681260945709 0.15958142576847612 0.050350262697022766 0.13996075866579463
3 0.43936077057793343 0.2462393721386527 0.06348511383537653 0.1393067364290386
6 0.5711471103327496 0.08306082406801832 0.053852889667250436 0.12818835840418574
6 0.50284588441331 0.16219751471550034 0.05910683012259194 0.13211249182472204
4 0.4176882661996497 0.18051013734466972 0.047285464098073555 0.10856769130150425
4 0.7443082311733801 0.7815565729234794 0.06567425569176882 0.11903204708960105
4 0.6843257443082311 0.34499672988881624 0.050788091068301226 0.1079136690647482
4 0.6063922942206655 0.5405493786788751 0.053415061295971976 0.1144538914323087
4 0.5435639229422067 0.6648136036625245 0.05735551663747811 0.1170699803793329