8 0.17513134851138354 0.3649444081098757 0.06567425569176882 0.1948986265533028
2 0.7889667250437828 0.3695225637671681 0.07180385288966724 0.18966644865925442
11 0.18979859894921192 0.2776324395029431 0.06348511383537653 0.17069980379332897
5 0.7839316987740805 0.29790712884238063 0.06961471103327496 0.16285153695225638
9 0.16703152364273205 0.6020274689339438 0.07049036777583187 0.1353826030085023
3 0.44461471103327493 0.3917593198168738 0.05472854640980736 0.13472858077174624
3 0.589754816112084 0.13047743623283192 0.047285464098073555 0.1340745585349902
7 0.1606830122591944 0.4908436886854153 0.05691768826619965 0.1327665140614781
9 0.3666812609457093 0.1958796599084369 0.047723292469352016 0.1327665140614781
12 0.25547285464098074 0.7429692609548725 0.06085814360770578 0.13211249182472204
7 0.19352014010507881 0.20307390451275342 0.049912434325744305 0.131458469587966
1 0.7506567425569177 0.2119032047089601 0.04597197898423818 0.13080444735120994
1 0.7097197898423818 0.6131458469587966 0.05691768826619965 0.1301504251144539
1 0.8412872154115587 0.7328319162851537 0.07049036777583187 0.1249182472204055
1 0.7419001751313485 0.06474820143884892 0.047723292469352016 0.10856769130150425
10 0.4498686514886165 0.7406801831262263 0.050350262697022766 0.1079136690647482
4 0.6195271453590193 0.6151079136690647 0.05166374781085814 0.1066056245912361
4 0.6455779334500875 0.7400261608894703 0.04947460595446585 0.105297580117724
10 0.2626970227670753 0.5156965336821452 0.05691768826619965 0.1039895356442119
12 0.20862521891418565 0.05199476782210595 0.047723292469352016 0.1039895356442119
10 0.26225919439579687 0.6167429692609548 0.05866900175131348 0.10333551340745585
10 0.2736427320490368 0.4090909090909091 0.05779334500875657 0.1013734466971877
10 0.28590192644483364 0.05853499018966645 0.04203152364273205 0.1013734466971877
10 0.28283712784588444 0.22269457161543493 0.046409807355516634 0.1000654022236756
4 0.7088441330998249 0.5081752779594506 0.049912434325744305 0.09941137998691955
4 0.5172942206654991 0.29790712884238063 0.04509632224168126 0.0987573577501635
4 0.6773204903677759 0.22694571615434925 0.04203152364273205 0.09810333551340746
10 0.42972854640980734 0.13996075866579463 0.04159369527145359 0.09810333551340746
10 0.27626970227670755 0.30935251798561153 0.046409807355516634 0.09679529103989536
4 0.6665936952714536 0.1458469587965991 0.04159369527145359 0.09287115761935906
4 0.6600262697022767 0.061478090255068674 0.03896672504378284 0.09156311314584696
4 0.7005253940455342 0.40156965336821454 0.047285464098073555 0.10595160235448005