6 0.8395359019264448 0.7298888162197514 0.0766199649737303 0.15696533682145192
2 0.8075744308231173 0.48790058862001306 0.08712784588441332 0.2053629823413996
5 0.5980735551663747 0.29332897318508827 0.06304728546409807 0.17331589274035317
4 0.6775394045534151 0.22956180510137345 0.04859894921190893 0.10987573577501634
4 0.6992119089316988 0.4028776978417266 0.053415061295971976 0.10725964682799215
4 0.6234676007005254 0.5032701111837803 0.05516637478108581 0.1092217135382603
4 0.5223292469352014 0.06311314584695879 0.03502626970227671 0.0974493132766514
4 0.5168563922942206 0.302158273381295 0.04947460595446585 0.10333551340745585
3 0.4426444833625219 0.3933943754087639 0.06304728546409807 0.1379986919555265
9 0.5091943957968477 0.1353826030085023 0.05253940455341506 0.13472858077174624
7 0.4433012259194396 0.5990843688685416 0.05823117338003503 0.14519293655984303
8 0.26751313485113837 0.3675604970568999 0.07530647985989491 0.1962066710268149
11 0.36274080560420313 0.2916939175931982 0.05910683012259194 0.18181818181818182
9 0.35617338003502624 0.48855461085676916 0.06260945709281962 0.14519293655984303
12 0.2081873905429072 0.05461085676913015 0.05297723292469352 0.1092217135382603
10 0.2841506129597198 0.05559189012426422 0.047285464098073555 0.10071942446043165
10 0.2852451838879159 0.2158273381294964 0.050350262697022766 0.10464355788096795
10 0.4376094570928196 0.3001962066710268 0.04509632224168126 0.09810333551340746
10 0.4454903677758319 0.7361020274689339 0.059982486865148864 0.1105297580117724
10 0.2626970227670753 0.6137998691955526 0.05779334500875657 0.1092217135382603
12 0.25459719789842383 0.7429692609548725 0.07837127845884413 0.13865271419228253