1 0.7405866900175131 0.15729234793982996 0.04947460595446585 0.1301504251144539
1 0.5221103327495622 0.3266841072596468 0.04859894921190893 0.1301504251144539
5 0.707968476357268 0.4117069980379333 0.05166374781085814 0.16546762589928057
3 0.7707968476357268 0.2972531066056246 0.07224168126094571 0.18770438194898625
6 0.8504816112084063 0.7835186396337476 0.07311733800350263 0.13865271419228253
6 0.7263572679509632 0.08371484630477437 0.05253940455341506 0.11772400261608895
3 0.8161120840630472 0.5461085676913014 0.07180385288966724 0.13603662524525834
4 0.6830122591943958 0.3430346631785481 0.042907180385288964 0.1026814911706998
3 0.6059544658493871 0.34434270765206015 0.0595446584938704 0.1366906474820144
4 0.6547723292469352 0.09287115761935906 0.04246935201401051 0.09941137998691955
4 0.5770577933450087 0.17724002616088946 0.043782837127845885 0.10202746893394375
4 0.5142294220665499 0.26258992805755393 0.04246935201401051 0.1039895356442119
4 0.5293345008756567 0.44800523217789406 0.050788091068301226 0.10464355788096795
4 0.7440893169877408 0.7828646173969915 0.0521015761821366 0.11249182472204054
4 0.6000437828371279 0.5457815565729235 0.047723292469352016 0.1079136690647482
4 0.5426882661996497 0.6667756703727927 0.05297723292469352 0.1105297580117724
9 0.3517950963222417 0.32799215173315893 0.05735551663747811 0.131458469587966
12 0.3474168126094571 0.7773054283845651 0.06436077057793345 0.1366906474820144
12 0.19811733800350262 0.09156311314584696 0.04859894921190893 0.11641595814257685
7 0.18651488616462347 0.15042511445389142 0.05516637478108581 0.14126880313930673
7 0.1420753064798599 0.6625245258338783 0.06523642732049037 0.14126880313930673
8 0.1630910683012259 0.40876389797253104 0.07136602451838879 0.197514715500327
10 0.4176882661996497 0.2462393721386527 0.043782837127845885 0.1026814911706998
11 0.273861646234676 0.2210595160235448 0.06786339754816112 0.16612164813603664
10 0.4133099824868651 0.08698495748855462 0.04203152364273205 0.09810333551340746
10 0.2723292469352014 0.16350555918901244 0.04203152364273205 0.09679529103989536
10 0.26028896672504376 0.3394375408763898 0.04859894921190893 0.10202746893394375
10 0.2609457092819615 0.43721386527141926 0.05253940455341506 0.1092217135382603
10 0.2484676007005254 0.6674296926095488 0.046847635726795095 0.1013734466971877
10 0.431260945709282 0.5542838456507522 0.04553415061295972 0.1157619359058208
10 0.4500875656742557 0.788750817527796 0.05604203152364273 0.10856769130150425