6 0.5893169877408057 0.06474820143884892 0.0542907180385289 0.11118378024852844
6 0.8410683012259195 0.7295618051013735 0.07355516637478109 0.1393067364290386
2 0.7841506129597198 0.36657946370176586 0.0893169877408056 0.19816873773708307
5 0.5963222416812609 0.29365598430346634 0.06830122591943957 0.17135382603008503
4 0.6652802101576182 0.1422498364944408 0.04509632224168126 0.105297580117724
4 0.6773204903677759 0.22825376062786135 0.042907180385288964 0.10595160235448005
4 0.6987740805604203 0.40320470896010463 0.050788091068301226 0.1039895356442119
4 0.7077495621716288 0.5075212557226946 0.04947460595446585 0.10595160235448005
4 0.5140105078809106 0.30085022890778285 0.04816112084063047 0.10202746893394375
4 0.5190455341506129 0.06671026814911707 0.04509632224168126 0.10333551340745585
3 0.5904115586690017 0.1301504251144539 0.046847635726795095 0.13080444735120994
3 0.44176882661996497 0.395029431000654 0.06217162872154115 0.14126880313930673
7 0.2548161120840631 0.7452583387835187 0.06654991243432574 0.1393067364290386
7 0.1578371278458844 0.4888816219751472 0.0669877408056042 0.1379986919555265
12 0.20512259194395796 0.05493786788750817 0.06260945709281962 0.10987573577501634
8 0.1718476357267951 0.3646173969914977 0.0766199649737303 0.20209287115761937
11 0.3592381786339755 0.29659908436886856 0.0766199649737303 0.16808371484630477
9 0.3638353765323993 0.19228253760627861 0.05253940455341506 0.13603662524525834
9 0.1652802101576182 0.6007194244604317 0.07311733800350263 0.1419228253760628
10 0.43563922942206657 0.30412034009156313 0.0446584938704028 0.10464355788096795
10 0.28283712784588444 0.05689993459777633 0.04903677758318739 0.10464355788096795
10 0.2869964973730298 0.21550032701111838 0.05122591943957969 0.1092217135382603
10 0.2618213660245184 0.6154349247874428 0.06567425569176882 0.11510791366906475
10 0.4457092819614711 0.7331589274035317 0.06304728546409807 0.11641595814257685