2 0.7668563922942206 0.29921517331589276 0.07749562171628721 0.20078482668410727
6 0.8016637478108581 0.5300850228907783 0.07092819614711034 0.1340745585349902
6 0.7327057793345009 0.08534990189666448 0.053852889667250436 0.12622629169391758
3 0.5954465849387041 0.33616742969260954 0.05779334500875657 0.14126880313930673
3 0.6387915936952715 0.6546762589928058 0.07092819614711034 0.15304120340091562
4 0.7401488616462347 0.7831916285153695 0.059982486865148864 0.1157619359058208
5 0.5199211908931699 0.4241334205362982 0.06611208406304729 0.17462393721386527
4 0.577276707530648 0.17462393721386527 0.050350262697022766 0.11249182472204054
4 0.6847635726795096 0.34532374100719426 0.047285464098073555 0.10856769130150425
4 0.6052977232924693 0.5398953564421191 0.05297723292469352 0.1118378024852845
4 0.5440017513134852 0.6661216481360366 0.046847635726795095 0.1118378024852845
4 0.5151050788091068 0.26324395029431 0.04947460595446585 0.1039895356442119
1 0.6519264448336253 0.07946370176586004 0.05253940455341506 0.1379986919555265
1 0.35967600700525393 0.5379332897318508 0.0617338003502627 0.1484630477436233
11 0.3458844133099825 0.1471550032701112 0.06217162872154115 0.17396991497710923
8 0.16396672504378285 0.4058207979071288 0.08537653239929947 0.20470896010464357
9 0.23774080560420316 0.7877697841726619 0.0691768826619965 0.15500327011118378
12 0.19614711033274956 0.08633093525179857 0.05166374781085814 0.12557226945716154
7 0.18826619964973731 0.1487900588620013 0.053415061295971976 0.1432308698495749
7 0.14163747810858143 0.6618705035971223 0.07049036777583187 0.15042511445389142
9 0.35157618213660247 0.3296272073250491 0.063922942206655 0.14257684761281883
10 0.4124343257443082 0.08534990189666448 0.050788091068301226 0.1092217135382603
10 0.4163747810858144 0.24427730542838458 0.04816112084063047 0.1118378024852845
10 0.27342381786339753 0.16612164813603664 0.04947460595446585 0.10725964682799215
10 0.2589754816112084 0.33747547416612167 0.04947460595446585 0.10464355788096795
10 0.2589754816112084 0.43884892086330934 0.05560420315236427 0.11510791366906475
10 0.24956217162872155 0.6644865925441465 0.0542907180385289 0.11249182472204054