1 0.5991681260945709 0.15860039241334206 0.05735551663747811 0.1432308698495749
2 0.7692644483362522 0.29561805101373445 0.08581436077057793 0.2079790712884238
6 0.5161996497373029 0.24525833878351863 0.063922942206655 0.12295618051013735
3 0.4382661996497373 0.24950948332243297 0.063922942206655 0.131458469587966
3 0.4397985989492119 0.7792674950948332 0.07837127845884413 0.15892740353172008
4 0.7419001751313485 0.7805755395683454 0.06523642732049037 0.1327665140614781
6 0.568739054290718 0.08175277959450622 0.06042031523642732 0.12818835840418574
4 0.6821366024518388 0.34139960758665794 0.05691768826619965 0.11118378024852844
4 0.5418126094570929 0.6661216481360366 0.05560420315236427 0.1209941137998692
4 0.6068301225919439 0.5369522563767168 0.06129597197898424 0.12164813603662525
4 0.49190017513134854 0.17037279267495095 0.050350262697022766 0.1105297580117724
4 0.41922066549912435 0.1775670372792675 0.04597197898423818 0.1157619359058208
8 0.1637478108581436 0.40876389797253104 0.08318739054290718 0.2079790712884238
11 0.3461033274956217 0.144865925441465 0.0617338003502627 0.17724002616088946
9 0.23555166374781086 0.7880967952910399 0.08231173380035026 0.15958142576847612
12 0.19855516637478107 0.08731196860693263 0.05910683012259194 0.12622629169391758
7 0.18695271453590193 0.15075212557226947 0.05866900175131348 0.1471550032701112
7 0.3566112084063047 0.4274035317200785 0.06085814360770578 0.144538914323087
10 0.4128721541155867 0.08600392413342053 0.049912434325744305 0.1092217135382603
10 0.27342381786339753 0.1657946370176586 0.0521015761821366 0.1066056245912361
10 0.26028896672504376 0.3404185742315239 0.053852889667250436 0.1131458469587966
10 0.26028896672504376 0.43884892086330934 0.05735551663747811 0.11903204708960105
10 0.3548598949211909 0.5618051013734467 0.05735551663747811 0.12034009156311315