5 0.782399299474606 0.2949640287769784 0.06830122591943957 0.15565729234793982
2 0.7863397548161121 0.368214519293656 0.07180385288966724 0.18574231523871812
1 0.8088879159369528 0.4934597776324395 0.05647985989492119 0.1301504251144539
1 0.7537215411558669 0.2119032047089601 0.047723292469352016 0.12557226945716154
3 0.7432136602451839 0.13767168083714845 0.05823117338003503 0.1105297580117724
3 0.8261821366024519 0.6124918247220406 0.07180385288966724 0.1196860693263571
6 0.7421190893169878 0.06540222367560497 0.046409807355516634 0.10202746893394375
6 0.8393169877408057 0.7344669718770438 0.06742556917688267 0.12557226945716154
4 0.7388353765323993 0.7361020274689339 0.05122591943957969 0.1013734466971877
4 0.7239492119089317 0.6144538914323087 0.04947460595446585 0.1013734466971877
4 0.7103765323992994 0.5085022890778287 0.043345008756567424 0.09614126880313931
4 0.6983362521891419 0.4051667756703728 0.0446584938704028 0.0974493132766514
4 0.6856392294220666 0.3083714846304774 0.04553415061295972 0.09352517985611511
4 0.675569176882662 0.22661870503597123 0.040280210157618214 0.09614126880313931
4 0.6652802101576182 0.1461739699149771 0.04159369527145359 0.08829300196206671
4 0.6609019264448336 0.06376716808371484 0.03984238178633975 0.09221713538260301
11 0.19111208406304728 0.2779594506213211 0.0617338003502627 0.16612164813603664
8 0.17578809106830123 0.36363636363636365 0.06436077057793345 0.19097449313276652
7 0.19373905429071803 0.20470896010464357 0.04859894921190893 0.13080444735120994
7 0.16199649737302976 0.4882275997383911 0.05516637478108581 0.1301504251144539
9 0.2119089316987741 0.12589928057553956 0.050788091068301226 0.12622629169391758
9 0.1674693520140105 0.6020274689339438 0.06523642732049037 0.1406147809025507
12 0.14382661996497373 0.7462393721386528 0.06260945709281962 0.13342053629823414
12 0.21081436077057794 0.0513407455853499 0.04597197898423818 0.1026814911706998
10 0.287215411558669 0.05591890124264225 0.03852889667250438 0.09614126880313931
10 0.2852451838879159 0.13767168083714845 0.04246935201401051 0.08829300196206671
10 0.2826182136602452 0.22465663832570307 0.04159369527145359 0.0974493132766514
10 0.27714535901926446 0.3077174623937214 0.04816112084063047 0.0987573577501635
10 0.27802101576182137 0.40974493132766515 0.047285464098073555 0.0987573577501635
10 0.2640105078809107 0.5143884892086331 0.0542907180385289 0.1026814911706998
10 0.2648861646234676 0.6157619359058208 0.050788091068301226 0.105297580117724
10 0.25284588441330996 0.7396991497710922 0.05472854640980736 0.10333551340745585