6 0.8404115586690017 0.7298888162197514 0.0766199649737303 0.15304120340091562
4 0.5194833625218914 0.060170045781556575 0.0521015761821366 0.10595160235448005
2 0.7896234676007006 0.3695225637671681 0.08450087565674255 0.2079790712884238
5 0.5971978984238179 0.29136690647482016 0.06742556917688267 0.17985611510791366
4 0.6996497373029772 0.4048397645519948 0.05866900175131348 0.10071942446043165
4 0.6760070052539404 0.2302158273381295 0.05604203152364273 0.09941137998691955
4 0.6641856392294221 0.144538914323087 0.04816112084063047 0.10464355788096795
4 0.5183887915936952 0.302485284499673 0.046409807355516634 0.1079136690647482
4 0.6267513134851138 0.5150425114453892 0.05647985989492119 0.1144538914323087
3 0.4395796847635727 0.39568345323741005 0.07005253940455342 0.14126880313930673
7 0.4435201401050788 0.6026814911706998 0.06742556917688267 0.1471550032701112
11 0.3614273204903678 0.29136690647482016 0.06611208406304729 0.18901242642249835
9 0.5091943957968477 0.13734466971877043 0.05779334500875657 0.14650098103335513
9 0.16615586690017514 0.6036625245258339 0.07837127845884413 0.14780902550686723
8 0.17075306479859895 0.3642903858731197 0.07880910683012259 0.2014388489208633
12 0.20556042031523641 0.0565729234793983 0.06523642732049037 0.1131458469587966
12 0.25569176882662 0.7419882275997384 0.07618213660245184 0.1393067364290386
10 0.2631348511383538 0.6160889470241988 0.05866900175131348 0.11641595814257685
10 0.438922942206655 0.30183126226291696 0.053852889667250436 0.1079136690647482
10 0.2850262697022767 0.05624591236102027 0.04816112084063047 0.10725964682799215
10 0.2869964973730298 0.22171353826030085 0.05297723292469352 0.09941137998691955
10 0.45140105078809106 0.7341399607586658 0.06304728546409807 0.1209941137998692