5 0.7885288966725044 0.2880967952910399 0.0595446584938704 0.1432308698495749
2 0.7926882661996497 0.368541530412034 0.07837127845884413 0.18247220405493786
1 0.7618213660245184 0.21550032701111838 0.05166374781085814 0.12622629169391758
1 0.8038528896672504 0.49934597776324396 0.05866900175131348 0.12622629169391758
6 0.7462784588441331 0.13374754741661216 0.05472854640980736 0.1144538914323087
6 0.8264010507880911 0.6092217135382603 0.07136602451838879 0.1301504251144539
6 0.7429947460595446 0.06671026814911707 0.04816112084063047 0.10725964682799215
6 0.8393169877408057 0.7344669718770438 0.07443082311733801 0.12818835840418574
4 0.659369527145359 0.06507521255722695 0.04115586690017513 0.09352517985611511
4 0.6650612959719789 0.14421190320470895 0.042907180385288964 0.09221713538260301
4 0.6751313485113836 0.22531066056245913 0.04553415061295972 0.09483322432962721
4 0.6849824868651488 0.30412034009156313 0.04509632224168126 0.10595160235448005
4 0.699430823117338 0.39928057553956836 0.04159369527145359 0.1026814911706998
4 0.7114711033274956 0.5026160889470243 0.043782837127845885 0.1066056245912361
4 0.725262697022767 0.6131458469587966 0.046847635726795095 0.105297580117724
4 0.7392732049036778 0.7341399607586658 0.0521015761821366 0.1157619359058208
11 0.18826619964973731 0.27926749509483323 0.0647985989492119 0.16481360366252454
8 0.17469352014010509 0.3642903858731197 0.06830122591943957 0.19097449313276652
7 0.19264448336252188 0.20372792674950949 0.05253940455341506 0.12884238064094178
7 0.1600262697022767 0.48593852190974496 0.059982486865148864 0.13734466971877043
9 0.20030647985989491 0.12916939175931982 0.05472854640980736 0.118378024852845
9 0.15608581436077057 0.6203400915631131 0.06786339754816112 0.1353826030085023
12 0.1436077057793345 0.7452583387835187 0.06742556917688267 0.1406147809025507
12 0.20884413309982486 0.052975801177240024 0.050788091068301226 0.10595160235448005
10 0.2817425569176883 0.05689993459777633 0.046847635726795095 0.08763897972531066
10 0.2817425569176883 0.1379986919555265 0.047723292469352016 0.09156311314584696
10 0.28108581436077057 0.223675604970569 0.046409807355516634 0.09679529103989536
10 0.27342381786339753 0.3090255068672335 0.05647985989492119 0.0987573577501635
10 0.2732049036777583 0.4107259646827992 0.05691768826619965 0.10464355788096795
10 0.26204028021015763 0.512753433616743 0.05823117338003503 0.09548724656638326
10 0.2613835376532399 0.6157619359058208 0.06129597197898424 0.105297580117724
10 0.25065674255691767 0.738064094179202 0.06085814360770578 0.1039895356442119