10 0.273861646234676 0.16873773708306083 0.040718038528896675 0.09156311314584696
4 0.6830122591943958 0.3436886854153041 0.042907180385288964 0.0987573577501635
2 0.771015761821366 0.2972531066056246 0.07092819614711034 0.20470896010464357
4 0.5118213660245184 0.2596468279921517 0.04203152364273205 0.09025506867233486
10 0.2692644483362522 0.1000654022236756 0.053415061295971976 0.10333551340745585
4 0.5748686514886164 0.17560497056899935 0.04816112084063047 0.0974493132766514
1 0.7357705779334501 0.1605624591236102 0.05472854640980736 0.12753433616742968
11 0.27583187390542907 0.210595160235448 0.07005253940455342 0.12818835840418574
10 0.27189141856392296 0.33060824068018313 0.05691768826619965 0.1236102027468934
4 0.6563047285464098 0.09646827992151732 0.04203152364273205 0.08960104643557881
10 0.41440455341506127 0.2485284499672989 0.04509632224168126 0.10595160235448005
8 0.16024518388791595 0.4090909090909091 0.07005253940455342 0.17985611510791366
7 0.18760945709281962 0.16612164813603664 0.06523642732049037 0.14911706998037932
3 0.5142294220665499 0.34238064094179205 0.0617338003502627 0.12622629169391758
12 0.19264448336252188 0.10333551340745585 0.06567425569176882 0.14650098103335513
10 0.43498248686514884 0.5568999345977763 0.05910683012259194 0.1105297580117724
3 0.6007005253940455 0.33093525179856115 0.05866900175131348 0.13996075866579463
5 0.7092819614711033 0.4260954872465664 0.07180385288966724 0.15500327011118378
4 0.5492556917688266 0.656965336821452 0.05735551663747811 0.105297580117724
10 0.2493432574430823 0.6654676258992805 0.05122591943957969 0.1039895356442119
6 0.7197898423817863 0.08534990189666448 0.05253940455341506 0.0987573577501635
4 0.5993870402802102 0.5438194898626554 0.053415061295971976 0.1157619359058208
6 0.8489492119089317 0.7786134728580771 0.07180385288966724 0.1432308698495749
7 0.13572679509632224 0.658600392413342 0.07005253940455342 0.14126880313930673
3 0.8134851138353766 0.5398953564421191 0.08056042031523643 0.1236102027468934
9 0.15718038528896672 0.5434924787442773 0.07092819614711034 0.14650098103335513
9 0.34873029772329245 0.3263570961412688 0.06085814360770578 0.14126880313930673
10 0.26160245183887915 0.4270765206017005 0.0617338003502627 0.12688031393067364
4 0.5284588441330998 0.45323741007194246 0.0542907180385289 0.11118378024852844
10 0.44001751313485116 0.7805755395683454 0.06217162872154115 0.118378024852845
12 0.3489492119089317 0.7795945062132112 0.0691768826619965 0.14388489208633093
4 0.7464973730297724 0.776651406147809 0.05516637478108581 0.1131458469587966