2 0.7721103327495622 0.29823413996075865 0.07136602451838879 0.19228253760627861
5 0.7046847635726795 0.420863309352518 0.06873905429071804 0.17854807063440156
6 0.8458844133099825 0.7825376062786135 0.07793345008756568 0.1340745585349902
6 0.7331436077057794 0.08469587965990844 0.05735551663747811 0.118378024852845
1 0.35814360770577935 0.5405493786788751 0.063922942206655 0.1432308698495749
1 0.6506129597197898 0.07913669064748201 0.05253940455341506 0.14126880313930673
3 0.6055166374781086 0.34270765206017006 0.05691768826619965 0.14257684761281883
3 0.646015761821366 0.6612164813603663 0.06611208406304729 0.13472858077174624
4 0.5976357267950964 0.5461085676913014 0.05866900175131348 0.11510791366906475
4 0.7392732049036778 0.7848266841072596 0.0617338003502627 0.11249182472204054
4 0.6825744308231173 0.3459777632439503 0.043782837127845885 0.10725964682799215
4 0.5768388791593695 0.17822105951602354 0.04246935201401051 0.1066056245912361
4 0.5072241681260946 0.09123610202746893 0.047723292469352016 0.1039895356442119
4 0.5148861646234676 0.26389797253106606 0.046409807355516634 0.1105297580117724
4 0.3548598949211909 0.45225637671680835 0.04597197898423818 0.105297580117724
4 0.5433450087565674 0.6654676258992805 0.049912434325744305 0.1144538914323087
12 0.19658493870402802 0.08992805755395683 0.050788091068301226 0.1170699803793329
12 0.345446584938704 0.7786134728580771 0.0647985989492119 0.1432308698495749
11 0.2745183887915937 0.22204054937867887 0.06742556917688267 0.16808371484630477
8 0.1615586690017513 0.4064748201438849 0.07267950963222417 0.19162851536952255
7 0.18629597197898423 0.15206017004578157 0.05560420315236427 0.1379986919555265
7 0.14316987740805603 0.6638325703073904 0.06830122591943957 0.13865271419228253
9 0.1628721541155867 0.5467625899280576 0.07443082311733801 0.13342053629823414
9 0.3517950963222417 0.329300196206671 0.05735551663747811 0.1301504251144539
10 0.4176882661996497 0.24525833878351863 0.04816112084063047 0.10856769130150425
10 0.41133975481611207 0.08567691301504252 0.046847635726795095 0.10464355788096795
10 0.2732049036777583 0.16644865925441465 0.04816112084063047 0.0987573577501635
10 0.2613835376532399 0.3407455853499019 0.04816112084063047 0.10725964682799215
10 0.24649737302977234 0.6684107259646828 0.05691768826619965 0.11379986919555266
10 0.25941330998248685 0.43623283191628515 0.053852889667250436 0.11249182472204054
10 0.4314798598949212 0.5588620013080444 0.047723292469352016 0.1118378024852845
10 0.4454903677758319 0.7923479398299542 0.05823117338003503 0.1170699803793329