6 0.7324868651488616 0.08567691301504252 0.05516637478108581 0.12164813603662525
6 0.8480735551663747 0.7831916285153695 0.07530647985989491 0.1366906474820144
2 0.7723292469352014 0.2995421844342708 0.07267950963222417 0.1962066710268149
5 0.7092819614711033 0.4103989535644212 0.06567425569176882 0.16546762589928057
4 0.6830122591943958 0.34401569653368214 0.04115586690017513 0.10464355788096795
4 0.7436514886164624 0.7822105951602355 0.05560420315236427 0.10987573577501634
3 0.816768826619965 0.5464355788096795 0.07224168126094571 0.12622629169391758
3 0.6072679509632224 0.3410725964682799 0.05516637478108581 0.1379986919555265
1 0.6532399299474606 0.08142576847612819 0.049912434325744305 0.1353826030085023
1 0.5159807355516638 0.3342053629823414 0.06085814360770578 0.13865271419228253
4 0.507661996497373 0.08992805755395683 0.04246935201401051 0.1000654022236756
4 0.5774956217162872 0.17593198168737736 0.042907180385288964 0.10202746893394375
4 0.5151050788091068 0.2658600392413342 0.046847635726795095 0.105297580117724
4 0.5332749562171629 0.4447351209941138 0.0446584938704028 0.10464355788096795
4 0.5996059544658494 0.5461085676913014 0.047723292469352016 0.11118378024852844
4 0.5433450087565674 0.6664486592544147 0.0542907180385289 0.11510791366906475
9 0.3513572679509632 0.328973185088293 0.05910683012259194 0.13603662524525834
9 0.16046409807355516 0.5451275343361675 0.07574430823117338 0.131458469587966
8 0.1646234676007005 0.407782864617397 0.07092819614711034 0.19293655984303465
7 0.14316987740805603 0.6651406147809026 0.06654991243432574 0.13865271419228253
7 0.18739054290718038 0.15206017004578157 0.05691768826619965 0.1353826030085023
12 0.19833625218914186 0.09189012426422498 0.04816112084063047 0.1223021582733813
12 0.3467600700525394 0.7782864617396992 0.06742556917688267 0.13865271419228253
10 0.2462784588441331 0.6680837148463048 0.05297723292469352 0.1105297580117724
10 0.2600700525394046 0.4378678875081753 0.0542907180385289 0.1013734466971877
10 0.26204028021015763 0.34139960758665794 0.050350262697022766 0.10071942446043165
11 0.27408056042031526 0.22171353826030085 0.07005253940455342 0.16481360366252454
10 0.2751751313485114 0.16383257030739046 0.04159369527145359 0.09352517985611511
10 0.4137478108581436 0.08829300196206671 0.0446584938704028 0.10071942446043165
10 0.41659369527145357 0.2446043165467626 0.04597197898423818 0.10202746893394375
10 0.4299474605954466 0.5591890124264225 0.05166374781085814 0.10856769130150425
10 0.44746059544658495 0.7880967952910399 0.05691768826619965 0.11379986919555266