2 0.7675131348511384 0.30085022890778285 0.07793345008756568 0.2014388489208633
3 0.5947898423817863 0.3384565075212557 0.05560420315236427 0.144538914323087
3 0.4404553415061296 0.7799215173315893 0.06654991243432574 0.16023544800523218
6 0.5698336252189142 0.07946370176586004 0.05647985989492119 0.12884238064094178
6 0.5223292469352014 0.43394375408763897 0.06129597197898424 0.1379986919555265
4 0.7421190893169878 0.7812295618051014 0.06217162872154115 0.1236102027468934
4 0.6830122591943958 0.342053629823414 0.05253940455341506 0.10987573577501634
4 0.6079246935201401 0.539568345323741 0.050350262697022766 0.11641595814257685
4 0.5418126094570929 0.6635055591890124 0.05823117338003503 0.1144538914323087
4 0.5155429071803853 0.2642249836494441 0.053852889667250436 0.10333551340745585
4 0.4921190893169877 0.17168083714846305 0.049912434325744305 0.1092217135382603
1 0.5974168126094571 0.1592544146500981 0.05122591943957969 0.1497710922171354
1 0.3542031523642732 0.5382603008502289 0.06830122591943957 0.14911706998037932
11 0.3471978984238179 0.1474820143884892 0.05779334500875657 0.17724002616088946
9 0.23795971978984237 0.788750817527796 0.07311733800350263 0.16219751471550034
9 0.34938704028021017 0.3240680183126226 0.06042031523642732 0.1353826030085023
7 0.3572679509632224 0.4296926095487247 0.05604203152364273 0.13865271419228253
7 0.18498248686514887 0.15042511445389142 0.06873905429071804 0.14257684761281883
12 0.19767950963222417 0.09254414650098103 0.05647985989492119 0.1209941137998692
8 0.16418563922942206 0.4054937867887508 0.07793345008756568 0.2027468933943754
10 0.4106830122591944 0.08600392413342053 0.050788091068301226 0.1092217135382603
10 0.27495621716287216 0.16742969260954874 0.050788091068301226 0.10464355788096795
10 0.26028896672504376 0.3378024852844997 0.04947460595446585 0.1013734466971877
10 0.2591943957968476 0.4349247874427731 0.053415061295971976 0.11118378024852844
10 0.24956217162872155 0.6667756703727927 0.05866900175131348 0.1157619359058208