1 0.7084063047285464 0.6141268803139307 0.07180385288966724 0.13603662524525834
2 0.7880910683012259 0.36657946370176586 0.08056042031523643 0.20209287115761937
5 0.5996059544658494 0.29365598430346634 0.06085814360770578 0.17789404839764553
6 0.8380035026269702 0.7331589274035317 0.08231173380035026 0.13472858077174624
6 0.5884413309982487 0.06507521255722695 0.04816112084063047 0.1170699803793329
4 0.6641856392294221 0.1432308698495749 0.0446584938704028 0.10595160235448005
4 0.6757880910683012 0.22596468279921517 0.04947460595446585 0.1039895356442119
4 0.7005253940455342 0.4028776978417266 0.0542907180385289 0.10725964682799215
4 0.7077495621716288 0.5062132112491825 0.05297723292469352 0.10856769130150425
4 0.6403239929947461 0.7406801831262263 0.05735551663747811 0.118378024852845
4 0.5179509632224168 0.06671026814911707 0.04553415061295972 0.10856769130150425
4 0.5201401050788091 0.30085022890778285 0.047285464098073555 0.10464355788096795
3 0.5899737302977233 0.13374754741661216 0.0521015761821366 0.1353826030085023
3 0.4426444833625219 0.39535644211903204 0.05691768826619965 0.144538914323087
11 0.3636164623467601 0.2949640287769784 0.06523642732049037 0.17135382603008503
12 0.2535026269702277 0.7393721386527142 0.06742556917688267 0.131458469587966
12 0.20577933450087565 0.05493786788750817 0.0595446584938704 0.10987573577501634
8 0.1709719789842382 0.36265533028122954 0.07399299474605954 0.19293655984303465
7 0.1578371278458844 0.48757357750163505 0.06348511383537653 0.1366906474820144
9 0.36514886164623467 0.19097449313276652 0.0542907180385289 0.12949640287769784
9 0.16243432574430824 0.6033355134074558 0.07443082311733801 0.1432308698495749
10 0.43695271453590195 0.30085022890778285 0.04903677758318739 0.10595160235448005
10 0.2856830122591944 0.058207979071288427 0.04947460595446585 0.10333551340745585
10 0.28809106830122594 0.21680837148463047 0.04903677758318739 0.1039895356442119
10 0.27342381786339753 0.40876389797253104 0.059982486865148864 0.10464355788096795
10 0.2635726795096322 0.512753433616743 0.05604203152364273 0.10333551340745585
10 0.2631348511383538 0.6160889470241988 0.05779334500875657 0.10987573577501634
10 0.4500875656742557 0.738064094179202 0.05516637478108581 0.118378024852845