9 0.42972854640980734 0.15860039241334206 0.05910683012259194 0.1406147809025507
9 0.23445709281961472 0.7913669064748201 0.07924693520140105 0.15958142576847612
8 0.16418563922942206 0.4090909090909091 0.08581436077057793 0.21386527141922826
11 0.34413309982486867 0.15173315892740352 0.06654991243432574 0.17527795945062133
12 0.1978984238178634 0.08862001308044473 0.07005253940455342 0.131458469587966
7 0.18651488616462347 0.1514061478090255 0.06567425569176882 0.1471550032701112
7 0.3557355516637478 0.4260954872465664 0.06436077057793345 0.1484630477436233
10 0.4115586690017513 0.08338783518639634 0.05691768826619965 0.105297580117724
10 0.2723292469352014 0.16415958142576847 0.053415061295971976 0.10202746893394375
10 0.25853765323992994 0.3358404185742315 0.05735551663747811 0.1144538914323087
10 0.24824868651488616 0.6631785480706344 0.05779334500875657 0.11772400261608895
10 0.2600700525394046 0.43655984303466316 0.05691768826619965 0.1196860693263571
2 0.7679509632224168 0.29888816219751474 0.0840630472854641 0.2066710268149117
3 0.5978546409807356 0.33649444081098756 0.05910683012259194 0.1510791366906475
3 0.44023642732049034 0.7818835840418574 0.07136602451838879 0.15369522563767168
6 0.5685201401050788 0.07717462393721386 0.053852889667250436 0.12949640287769784
6 0.521015761821366 0.43590582079790713 0.06217162872154115 0.1393067364290386
1 0.5965411558669002 0.1592544146500981 0.04859894921190893 0.1497710922171354
1 0.3592381786339755 0.5431654676258992 0.06260945709281962 0.1497710922171354
4 0.5144483362521891 0.2648790058862001 0.04816112084063047 0.10856769130150425
4 0.489492119089317 0.17168083714846305 0.050788091068301226 0.1026814911706998
4 0.686077057793345 0.34728580771746237 0.05253940455341506 0.11118378024852844
4 0.7443082311733801 0.7851536952256377 0.0595446584938704 0.1209941137998692
4 0.6063922942206655 0.5405493786788751 0.05166374781085814 0.12753433616742968
4 0.542907180385289 0.6628515369522564 0.05779334500875657 0.1236102027468934