1 0.5967600700525394 0.15729234793982996 0.05253940455341506 0.1458469587965991
2 0.7697022767075307 0.2998691955526488 0.08231173380035026 0.19555264879005888
3 0.24365148861646235 0.6402877697841727 0.07049036777583187 0.15696533682145192
3 0.3504816112084063 0.43361674296926095 0.0669877408056042 0.14911706998037932
4 0.7419001751313485 0.7880967952910399 0.06085814360770578 0.11772400261608895
4 0.6862959719789843 0.34466971877043817 0.053852889667250436 0.11249182472204054
4 0.6083625218914186 0.5382603008502289 0.05122591943957969 0.11510791366906475
4 0.5413747810858144 0.6674296926095488 0.05910683012259194 0.1223021582733813
6 0.5711471103327496 0.07979071288423806 0.0521015761821366 0.12818835840418574
6 0.510507880910683 0.34401569653368214 0.05691768826619965 0.12688031393067364
12 0.19658493870402802 0.08796599084368868 0.05604203152364273 0.1236102027468934
4 0.41878283712784586 0.18247220405493786 0.04859894921190893 0.11118378024852844
8 0.1687828371278459 0.30673642903858733 0.08274956217162872 0.2014388489208633
9 0.23686514886164622 0.7890778286461739 0.08318739054290718 0.15500327011118378
7 0.18651488616462347 0.14519293655984303 0.0647985989492119 0.15827338129496402
11 0.348292469352014 0.14813603662524527 0.06348511383537653 0.18508829300196206
10 0.27342381786339753 0.16677567037279267 0.05122591943957969 0.10856769130150425
10 0.25941330998248685 0.33976455199476785 0.053852889667250436 0.1144538914323087
10 0.260507880910683 0.4368868541530412 0.05779334500875657 0.11249182472204054
10 0.35595446584938706 0.5624591236102028 0.05779334500875657 0.11641595814257685