5 0.521015761821366 0.420863309352518 0.0647985989492119 0.18508829300196206
3 0.5945709281961471 0.33387835186396336 0.0542907180385289 0.1458469587965991
3 0.6392294220665499 0.6563113145846958 0.0691768826619965 0.15500327011118378
2 0.7677320490367776 0.30085022890778285 0.07924693520140105 0.1962066710268149
6 0.7335814360770578 0.08567691301504252 0.05647985989492119 0.12688031393067364
6 0.8474168126094571 0.7835186396337476 0.07924693520140105 0.13996075866579463
4 0.7440893169877408 0.7831916285153695 0.06348511383537653 0.1223021582733813
4 0.6823555166374781 0.3433616742969261 0.05297723292469352 0.11510791366906475
4 0.5753064798598949 0.17560497056899935 0.0446584938704028 0.105297580117724
4 0.6081436077057794 0.540222367560497 0.0542907180385289 0.10725964682799215
4 0.5424693520140105 0.6631785480706344 0.05691768826619965 0.11379986919555266
4 0.5131348511383538 0.2655330281229562 0.04816112084063047 0.11641595814257685
1 0.6536777583187391 0.08109875735775017 0.053415061295971976 0.14126880313930673
1 0.3570490367775832 0.5382603008502289 0.059982486865148864 0.14780902550686723
12 0.19767950963222417 0.08567691301504252 0.05647985989492119 0.12818835840418574
8 0.1637478108581436 0.40156965336821454 0.07267950963222417 0.197514715500327
9 0.34916812609457093 0.3302812295618051 0.059982486865148864 0.13865271419228253
9 0.16243432574430824 0.5461085676913014 0.07267950963222417 0.14126880313930673
7 0.18717162872154117 0.15075212557226947 0.05823117338003503 0.1406147809025507
7 0.14404553415061297 0.6595814257684761 0.06742556917688267 0.1406147809025507
11 0.2729859894921191 0.22073250490516677 0.07311733800350263 0.16154349247874428
10 0.27342381786339753 0.1657946370176586 0.04947460595446585 0.1000654022236756
10 0.41265323992994746 0.08633093525179857 0.04947460595446585 0.10202746893394375
10 0.4176882661996497 0.24950948332243297 0.04553415061295972 0.1066056245912361
10 0.25941330998248685 0.3394375408763898 0.046847635726795095 0.10595160235448005
10 0.2587565674255692 0.43982995421844345 0.0542907180385289 0.1105297580117724
10 0.2517513134851138 0.6677567037279267 0.05691768826619965 0.11641595814257685