2 0.7668563922942206 0.29823413996075865 0.0818739054290718 0.2066710268149117
6 0.7311733800350263 0.08534990189666448 0.05779334500875657 0.1249182472204055
6 0.8042907180385289 0.5320470896010464 0.07180385288966724 0.1327665140614781
1 0.6368213660245184 0.658273381294964 0.06611208406304729 0.15631131458469588
1 0.5956654991243433 0.3351863963374755 0.05823117338003503 0.1406147809025507
5 0.5207968476357268 0.4244604316546763 0.06523642732049037 0.18051013734466972
4 0.5131348511383538 0.2645519947678221 0.04553415061295972 0.1092217135382603
4 0.7425569176882661 0.7831916285153695 0.05866900175131348 0.1196860693263571
4 0.683231173380035 0.3430346631785481 0.05122591943957969 0.1118378024852845
4 0.6066112084063048 0.5425114453891432 0.05823117338003503 0.1144538914323087
4 0.5404991243432574 0.6674296926095488 0.05910683012259194 0.1157619359058208
4 0.4890542907180385 0.17495094833224328 0.053415061295971976 0.1026814911706998
1 0.5978546409807356 0.157946370176586 0.06348511383537653 0.1484630477436233
1 0.3585814360770578 0.5382603008502289 0.0691768826619965 0.14126880313930673
11 0.345446584938704 0.14813603662524527 0.06567425569176882 0.17985611510791366
12 0.19746059544658495 0.08698495748855462 0.05866900175131348 0.12034009156311315
9 0.2381786339754816 0.7920209287115761 0.07880910683012259 0.14911706998037932
9 0.3502626970227671 0.32570307390451275 0.0595446584938704 0.13342053629823414
7 0.35595446584938706 0.4274035317200785 0.0542907180385289 0.1327665140614781
7 0.18717162872154117 0.1514061478090255 0.05823117338003503 0.1393067364290386
8 0.1659369527145359 0.40941792020928713 0.0840630472854641 0.2066710268149117
10 0.4141856392294221 0.08894702419882276 0.043782837127845885 0.11118378024852844
10 0.41703152364273205 0.2475474166121648 0.04859894921190893 0.1118378024852845
10 0.2736427320490368 0.16906474820143885 0.049912434325744305 0.1079136690647482
10 0.2609457092819615 0.33878351863963374 0.05166374781085814 0.11249182472204054
10 0.2596322241681261 0.4385219097449313 0.053415061295971976 0.1144538914323087
10 0.25 0.6674296926095488 0.05779334500875657 0.118378024852845