10 0.24978108581436076 0.6661216481360366 0.05560420315236427 0.1131458469587966
4 0.542907180385289 0.6671026814911707 0.050788091068301226 0.11249182472204054
3 0.4411120840630473 0.7786134728580771 0.0669877408056042 0.15369522563767168
4 0.7421190893169878 0.7841726618705036 0.06129597197898424 0.11510791366906475
9 0.23489492119089317 0.7858077174623938 0.07224168126094571 0.15631131458469588
6 0.5707092819614711 0.08044473512099411 0.05122591943957969 0.12295618051013735
10 0.4137478108581436 0.08371484630477437 0.046409807355516634 0.10856769130150425
12 0.1972416812609457 0.09090909090909091 0.059982486865148864 0.12688031393067364
11 0.34566549912434325 0.1458469587965991 0.06348511383537653 0.17396991497710923
7 0.18629597197898423 0.1510791366906475 0.06523642732049037 0.13865271419228253
1 0.5980735551663747 0.1605624591236102 0.050788091068301226 0.1471550032701112
10 0.2736427320490368 0.1644865925441465 0.047285464098073555 0.1144538914323087
4 0.489492119089317 0.17233485938521909 0.042907180385288964 0.1013734466971877
4 0.5148861646234676 0.2642249836494441 0.04203152364273205 0.10595160235448005
2 0.7690455341506129 0.29332897318508827 0.08012259194395797 0.19816873773708307
9 0.35223292469352013 0.32537606278613473 0.059982486865148864 0.1340745585349902
3 0.5954465849387041 0.3358404185742315 0.05779334500875657 0.1419228253760628
10 0.260507880910683 0.3384565075212557 0.05253940455341506 0.1092217135382603
4 0.6856392294220666 0.3407455853499019 0.047285464098073555 0.10987573577501634
8 0.16177758318739055 0.408109875735775 0.07837127845884413 0.1988227599738391
7 0.3566112084063047 0.4238064094179202 0.05122591943957969 0.13211249182472204
6 0.7900612959719789 0.43623283191628515 0.07049036777583187 0.12949640287769784
10 0.26028896672504376 0.4375408763897973 0.059982486865148864 0.10725964682799215
4 0.6079246935201401 0.5382603008502289 0.05297723292469352 0.11510791366906475
1 0.3579246935201401 0.539241334205363 0.05560420315236427 0.1432308698495749