11 0.2732049036777583 0.2210595160235448 0.07267950963222417 0.16481360366252454
2 0.7701401050788091 0.29856115107913667 0.07618213660245184 0.19032047089601045
1 0.6512697022767076 0.07815565729234794 0.05297723292469352 0.1379986919555265
6 0.7316112084063048 0.08502289077828647 0.0542907180385289 0.11641595814257685
4 0.684106830122592 0.34401569653368214 0.04947460595446585 0.10071942446043165
6 0.8476357267950964 0.7838456507521255 0.07880910683012259 0.1353826030085023
4 0.7416812609457093 0.7864617396991498 0.06129597197898424 0.1092217135382603
3 0.6482049036777583 0.6625245258338783 0.0669877408056042 0.13211249182472204
3 0.6077057793345009 0.34270765206017006 0.053415061295971976 0.13342053629823414
5 0.5192644483362522 0.4195552648790059 0.06304728546409807 0.17462393721386527
4 0.5409369527145359 0.6684107259646828 0.05560420315236427 0.11118378024852844
4 0.5985113835376532 0.5457815565729235 0.04903677758318739 0.1105297580117724
4 0.5764010507880911 0.17462393721386527 0.043345008756567424 0.09941137998691955
4 0.5078809106830122 0.09025506867233486 0.03677758318739054 0.10202746893394375
4 0.513353765323993 0.2622629169391759 0.04597197898423818 0.10202746893394375
4 0.35814360770577935 0.4512753433616743 0.046409807355516634 0.10725964682799215
1 0.3594570928196147 0.5382603008502289 0.05604203152364273 0.13865271419228253
8 0.16177758318739055 0.4064748201438849 0.07049036777583187 0.19424460431654678
12 0.19658493870402802 0.08731196860693263 0.05166374781085814 0.1196860693263571
9 0.3513572679509632 0.329300196206671 0.05910683012259194 0.12884238064094178
9 0.16024518388791595 0.5457815565729235 0.0691768826619965 0.1327665140614781
7 0.18563922942206654 0.1510791366906475 0.053415061295971976 0.13996075866579463
7 0.14185639229422067 0.6628515369522564 0.06742556917688267 0.1379986919555265
10 0.2729859894921191 0.1644865925441465 0.043345008756567424 0.09221713538260301
10 0.2591943957968476 0.3355134074558535 0.050788091068301226 0.10071942446043165
10 0.2454028021015762 0.6677567037279267 0.05735551663747811 0.11510791366906475
10 0.2591943957968476 0.4378678875081753 0.050788091068301226 0.105297580117724
10 0.4137478108581436 0.08698495748855462 0.043782837127845885 0.10071942446043165
10 0.41746935201401053 0.2449313276651406 0.044220665499124345 0.105297580117724
10 0.4316987740805604 0.5578809679529104 0.047285464098073555 0.10725964682799215