2 0.7357705779334501 0.5994113799869195 0.0862521891418564 0.20601700457815567
6 0.8513572679509632 0.7455853499018966 0.07924693520140105 0.14911706998037932
3 0.4559982486865149 0.3862001308044474 0.0766199649737303 0.1379986919555265
5 0.6151488616462347 0.2923479398299542 0.06654991243432574 0.18443427076520602
4 0.6948336252189142 0.22432962720732505 0.0542907180385289 0.11772400261608895
4 0.5363397548161121 0.3001962066710268 0.049912434325744305 0.10987573577501634
4 0.638353765323993 0.5098103335513408 0.049912434325744305 0.1144538914323087
12 0.657399299474606 0.7210595160235448 0.07136602451838879 0.144538914323087
9 0.5286777583187391 0.12916939175931982 0.06260945709281962 0.1432308698495749
8 0.287215411558669 0.35807717462393723 0.07443082311733801 0.20340091563113147
12 0.23117338003502627 0.046762589928057555 0.0595446584938704 0.09352517985611511
11 0.37915936952714535 0.2805755395683453 0.05604203152364273 0.17789404839764553
10 0.45446584938704027 0.2949640287769784 0.05604203152364273 0.11903204708960105
10 0.3058231173380035 0.04970568999345978 0.0521015761821366 0.09941137998691955
10 0.30472854640980734 0.2024198822759974 0.05253940455341506 0.1118378024852845
10 0.276707530647986 0.6000654022236757 0.05779334500875657 0.1118378024852845