6 0.8461033274956217 0.7828646173969915 0.0766199649737303 0.14126880313930673
2 0.6578371278458844 0.7436232831916285 0.08099824868651488 0.2079790712884238
5 0.5930385288966725 0.32831916285153695 0.07049036777583187 0.17527795945062133
4 0.6760070052539404 0.25310660562459125 0.049912434325744305 0.10595160235448005
4 0.623029772329247 0.5457815565729235 0.05779334500875657 0.1105297580117724
4 0.5137915936952715 0.33616742969260954 0.050350262697022766 0.10987573577501634
8 0.3513572679509632 0.40712884238064095 0.0766199649737303 0.19816873773708307
12 0.17578809106830123 0.249836494440811 0.06611208406304729 0.12295618051013735
10 0.2692644483362522 0.08862001308044473 0.05691768826619965 0.1039895356442119
10 0.35529772329246934 0.1814911706998038 0.05297723292469352 0.1092217135382603
10 0.4295096322241681 0.33976455199476785 0.05253940455341506 0.1079136690647482
10 0.25415936952714535 0.670372792674951 0.059982486865148864 0.12295618051013735