2 0.7703590192644484 0.30150425114453894 0.07837127845884413 0.1935905820797907
5 0.521015761821366 0.4251144538914323 0.063922942206655 0.17396991497710923
1 0.6514886164623468 0.08077174623937214 0.0542907180385289 0.1379986919555265
6 0.7335814360770578 0.08404185742315239 0.0521015761821366 0.1157619359058208
6 0.8476357267950964 0.7841726618705036 0.07880910683012259 0.13603662524525834
4 0.7416812609457093 0.7838456507521255 0.06217162872154115 0.1118378024852845
3 0.6387915936952715 0.6543492478744277 0.07005253940455342 0.1510791366906475
3 0.6046409807355516 0.3394375408763898 0.05779334500875657 0.13734466971877043
4 0.6843257443082311 0.34401569653368214 0.04816112084063047 0.10071942446043165
4 0.5788091068301225 0.17593198168737736 0.04553415061295972 0.10202746893394375
4 0.5142294220665499 0.2622629169391759 0.04509632224168126 0.10333551340745585
4 0.6077057793345009 0.5412034009156311 0.04816112084063047 0.1079136690647482
4 0.542031523642732 0.6671026814911707 0.05253940455341506 0.10987573577501634
4 0.3566112084063047 0.44931327665140613 0.047723292469352016 0.09810333551340746
1 0.358800350262697 0.5431654676258992 0.05823117338003503 0.1406147809025507
10 0.2725481611208406 0.16808371484630477 0.04509632224168126 0.10464355788096795
11 0.27714535901926446 0.22138652714192283 0.05866900175131348 0.16546762589928057
8 0.16265323992994746 0.40418574231523874 0.07224168126094571 0.18966644865925442
9 0.16199649737302976 0.5448005232177894 0.07355516637478109 0.13603662524525834
7 0.1845446584938704 0.15206017004578157 0.0669877408056042 0.1327665140614781
7 0.14316987740805603 0.6625245258338783 0.0647985989492119 0.13734466971877043
9 0.3535464098073555 0.3270111183780249 0.06085814360770578 0.13080444735120994
12 0.1963660245183888 0.08633093525179857 0.06348511383537653 0.12818835840418574
10 0.41265323992994746 0.08534990189666448 0.046847635726795095 0.1066056245912361
10 0.41746935201401053 0.24918247220405493 0.047723292469352016 0.10725964682799215
10 0.25941330998248685 0.3381294964028777 0.04947460595446585 0.10333551340745585
10 0.2578809106830123 0.43917593198168736 0.05516637478108581 0.1039895356442119
10 0.2447460595446585 0.6667756703727927 0.06042031523642732 0.1131458469587966
10 0.4292907180385289 0.5591890124264225 0.047723292469352016 0.10725964682799215