9 0.24452714535901926 0.6425768476128189 0.06961471103327496 0.16023544800523218
2 0.7690455341506129 0.30346631785480704 0.0818739054290718 0.2027468933943754
6 0.571584938704028 0.08207979071288424 0.05735551663747811 0.131458469587966
1 0.5059106830122592 0.23086984957488554 0.05823117338003503 0.14650098103335513
4 0.4196584938704028 0.18051013734466972 0.050350262697022766 0.10595160235448005
4 0.6847635726795096 0.34728580771746237 0.046409807355516634 0.11249182472204054
4 0.6063922942206655 0.539241334205363 0.0542907180385289 0.1209941137998692
4 0.542031523642732 0.6661216481360366 0.05516637478108581 0.1170699803793329
9 0.45271453590192645 0.6468279921517331 0.07092819614711034 0.15565729234793982
7 0.44023642732049034 0.4290385873119686 0.059982486865148864 0.15565729234793982
8 0.16396672504378285 0.302158273381295 0.07574430823117338 0.2079790712884238
12 0.4338879159369527 0.07848266841072596 0.05516637478108581 0.12818835840418574
11 0.34566549912434325 0.1487900588620013 0.05910683012259194 0.17724002616088946
10 0.27276707530647987 0.16775670372792675 0.05166374781085814 0.1092217135382603
10 0.25941330998248685 0.34172661870503596 0.059982486865148864 0.1105297580117724
10 0.348292469352014 0.3315892740353172 0.05472854640980736 0.11510791366906475
10 0.3563922942206655 0.5578809679529104 0.05604203152364273 0.12557226945716154