6 0.8404115586690017 0.7328319162851537 0.07399299474605954 0.1366906474820144
2 0.8064798598949212 0.49117069980379335 0.09106830122591944 0.1962066710268149
5 0.5978546409807356 0.2923479398299542 0.0617338003502627 0.17658600392413343
3 0.43804728546409805 0.394702419882276 0.06611208406304729 0.1366906474820144
4 0.6987740805604203 0.4051667756703728 0.049912434325744305 0.1066056245912361
4 0.6764448336252189 0.2262916939175932 0.046409807355516634 0.10595160235448005
4 0.6212784588441331 0.5049051667756703 0.05253940455341506 0.11641595814257685
4 0.5172942206654991 0.30608240680183124 0.04246935201401051 0.10987573577501634
4 0.3636164623467601 0.06245912361020275 0.044220665499124345 0.1118378024852845
11 0.3631786339754816 0.2916939175931982 0.05910683012259194 0.17396991497710923
8 0.26904553415061294 0.3695225637671681 0.07574430823117338 0.1988227599738391
9 0.35683012259194397 0.49149771092217137 0.05691768826619965 0.1497710922171354
7 0.44089316987740806 0.6026814911706998 0.06304728546409807 0.1510791366906475
9 0.5074430823117339 0.13309352517985612 0.05516637478108581 0.1432308698495749
12 0.6427320490367776 0.7207325049051668 0.07355516637478109 0.14780902550686723
12 0.20796847635726795 0.05493786788750817 0.05604203152364273 0.10987573577501634
10 0.4345446584938704 0.30444735120994115 0.04947460595446585 0.1039895356442119
10 0.28371278458844135 0.058207979071288427 0.049912434325744305 0.09679529103989536
10 0.28633975481611207 0.2158273381294964 0.050788091068301226 0.10333551340745585
10 0.2631348511383538 0.6128188358404185 0.06042031523642732 0.11641595814257685