11 0.3458844133099825 0.1484630477436233 0.07355516637478109 0.18051013734466972
7 0.18432574430823118 0.14944408109875737 0.06304728546409807 0.1379986919555265
12 0.1978984238178634 0.08960104643557881 0.063922942206655 0.12688031393067364
8 0.16571803852889666 0.30477436232831917 0.07749562171628721 0.2053629823413996
9 0.23577057793345008 0.7913669064748201 0.0862521891418564 0.16612164813603664
10 0.2747373029772329 0.16546762589928057 0.059982486865148864 0.11903204708960105
10 0.25985113835376533 0.33747547416612167 0.05647985989492119 0.11249182472204054
10 0.26028896672504376 0.4381948986265533 0.05910683012259194 0.11772400261608895
10 0.35748686514886163 0.5624591236102028 0.0617338003502627 0.11379986919555266
2 0.7697022767075307 0.2972531066056246 0.08493870402802102 0.19947678221059517
1 0.5987302977232924 0.16088947024198821 0.059982486865148864 0.14126880313930673
3 0.2434325744308231 0.6379986919555265 0.07618213660245184 0.16415958142576847
3 0.3498248686514886 0.43623283191628515 0.06742556917688267 0.16481360366252454
6 0.5709281961471103 0.07946370176586004 0.05691768826619965 0.12753433616742968
6 0.5116024518388792 0.3430346631785481 0.06436077057793345 0.1353826030085023
4 0.4159369527145359 0.1854153041203401 0.050788091068301226 0.1144538914323087
4 0.684106830122592 0.3410725964682799 0.04859894921190893 0.1157619359058208
4 0.5459719789842382 0.6648136036625245 0.0595446584938704 0.1249182472204055
4 0.6044220665499125 0.538914323086985 0.05735551663747811 0.12557226945716154