9 0.23752189141856392 0.7890778286461739 0.08887915936952714 0.16023544800523218
7 0.438922942206655 0.4290385873119686 0.06611208406304729 0.15827338129496402
11 0.3474168126094571 0.14813603662524527 0.0617338003502627 0.18378024852844996
8 0.165061295971979 0.30150425114453894 0.0796847635726795 0.2223675604970569
12 0.19439579684763572 0.08927403531720078 0.06129597197898424 0.131458469587966
10 0.27408056042031526 0.17200784826684107 0.053415061295971976 0.10987573577501634
10 0.25503502626970226 0.3378024852844997 0.05735551663747811 0.1092217135382603
10 0.2591943957968476 0.43590582079790713 0.06129597197898424 0.1118378024852845
10 0.3542031523642732 0.5562459123610203 0.0647985989492119 0.1223021582733813
2 0.7675131348511384 0.2969260954872466 0.08844133099824869 0.2145192936559843
6 0.5722416812609457 0.08763897972531066 0.053415061295971976 0.12688031393067364
6 0.351138353765324 0.3430346631785481 0.06217162872154115 0.1366906474820144
3 0.3471978984238179 0.43655984303466316 0.06830122591943957 0.1497710922171354
3 0.2449649737302977 0.6406147809025506 0.06611208406304729 0.16154349247874428
1 0.5085376532399299 0.23675604970569 0.059982486865148864 0.15565729234793982
4 0.4159369527145359 0.18051013734466972 0.05166374781085814 0.10856769130150425
4 0.6843257443082311 0.34172661870503596 0.05166374781085814 0.105297580117724
4 0.6077057793345009 0.538587311968607 0.05691768826619965 0.1223021582733813
4 0.5444395796847635 0.6671026814911707 0.05823117338003503 0.11772400261608895