5 0.7832749562171629 0.29659908436886856 0.07355516637478109 0.16285153695225638
2 0.7891856392294221 0.36919555264879006 0.07749562171628721 0.18901242642249835
1 0.762478108581436 0.21484630477436234 0.0521015761821366 0.12884238064094178
1 0.8045096322241682 0.4973839110529758 0.05910683012259194 0.12884238064094178
3 0.7467162872154116 0.1366906474820144 0.05560420315236427 0.11903204708960105
3 0.8266199649737302 0.6131458469587966 0.07267950963222417 0.1236102027468934
6 0.7419001751313485 0.06736429038587312 0.04947460595446585 0.10202746893394375
6 0.840630472854641 0.7331589274035317 0.0691768826619965 0.12295618051013735
4 0.7390542907180385 0.7357750163505559 0.050788091068301226 0.10202746893394375
4 0.7239492119089317 0.6144538914323087 0.05122591943957969 0.0974493132766514
4 0.7116900175131349 0.5098103335513408 0.050350262697022766 0.09614126880313931
4 0.699430823117338 0.4048397645519948 0.044220665499124345 0.09548724656638326
4 0.6856392294220666 0.3080444735120994 0.043782837127845885 0.09548724656638326
4 0.6744746059544658 0.2275997383911053 0.04509632224168126 0.09417920209287116
4 0.6665936952714536 0.1461739699149771 0.04159369527145359 0.09221713538260301
4 0.6609019264448336 0.06115107913669065 0.03809106830122592 0.0974493132766514
11 0.18979859894921192 0.2782864617396992 0.06348511383537653 0.16677567037279267
8 0.1740367775831874 0.3646173969914977 0.0669877408056042 0.19293655984303465
7 0.19220665499124343 0.20372792674950949 0.049912434325744305 0.12884238064094178
7 0.159369527145359 0.4898626553302812 0.0595446584938704 0.13734466971877043
9 0.19899299474605955 0.12884238064094178 0.05647985989492119 0.12164813603662525
9 0.15674255691768826 0.6226291693917593 0.06654991243432574 0.13211249182472204
12 0.20884413309982486 0.052975801177240024 0.04903677758318739 0.10595160235448005
12 0.14076182136602453 0.7482014388489209 0.07136602451838879 0.13603662524525834
10 0.2821803852889667 0.058207979071288427 0.044220665499124345 0.08894702419882276
10 0.2817425569176883 0.1393067364290386 0.04509632224168126 0.09025506867233486
10 0.28086690017513133 0.22432962720732505 0.043345008756567424 0.09679529103989536
10 0.27583187390542907 0.3077174623937214 0.049912434325744305 0.0974493132766514
10 0.2736427320490368 0.40941792020928713 0.0542907180385289 0.10071942446043165
10 0.26466725043782835 0.5117724002616089 0.053852889667250436 0.0987573577501635
10 0.2640105078809107 0.6131458469587966 0.05166374781085814 0.1066056245912361
10 0.2543782837127846 0.7341399607586658 0.05166374781085814 0.1118378024852845