11 0.34347635726795095 0.14650098103335513 0.06873905429071804 0.18051013734466972
12 0.19833625218914186 0.09156311314584696 0.063922942206655 0.12949640287769784
7 0.18826619964973731 0.1500981033355134 0.06217162872154115 0.1458469587965991
8 0.16637478108581435 0.30608240680183124 0.07443082311733801 0.2053629823413996
9 0.23927320490367776 0.7880967952910399 0.08362521891418565 0.16219751471550034
10 0.27211033274956214 0.16350555918901244 0.053852889667250436 0.10987573577501634
10 0.25766199649737304 0.3371484630477436 0.05297723292469352 0.1066056245912361
10 0.2591943957968476 0.4355788096795291 0.06217162872154115 0.11118378024852844
10 0.358800350262697 0.5624591236102028 0.059982486865148864 0.11510791366906475
2 0.7714535901926445 0.3001962066710268 0.08581436077057793 0.2014388489208633
6 0.5728984238178634 0.08077174623937214 0.059982486865148864 0.1301504251144539
1 0.5056917688266199 0.22988881621975146 0.06217162872154115 0.15369522563767168
6 0.5102889667250438 0.34466971877043817 0.06260945709281962 0.12557226945716154
3 0.351138353765324 0.43067364290385873 0.07355516637478109 0.16023544800523218
3 0.2410245183887916 0.6396337475474166 0.07224168126094571 0.15565729234793982
4 0.41834500875656744 0.17724002616088946 0.04947460595446585 0.11118378024852844
4 0.542031523642732 0.6654676258992805 0.05779334500875657 0.1144538914323087
4 0.6845446584938704 0.34172661870503596 0.05297723292469352 0.1118378024852845
4 0.6098949211908932 0.5405493786788751 0.0542907180385289 0.1131458469587966