12 0.4384851138353765 0.2537606278613473 0.05823117338003503 0.12818835840418574
8 0.35157618213660247 0.41137998691955524 0.07355516637478109 0.2014388489208633
10 0.4271015761821366 0.3404185742315239 0.05297723292469352 0.1105297580117724
10 0.35442206654991243 0.17952910398953564 0.05297723292469352 0.1092217135382603
10 0.2694833625218914 0.08927403531720078 0.05122591943957969 0.105297580117724
10 0.2552539404553415 0.6736429038587312 0.05866900175131348 0.11510791366906475
2 0.6576182136602452 0.7475474166121648 0.08143607705779335 0.2079790712884238
6 0.8456654991243433 0.7844996729888816 0.07837127845884413 0.1393067364290386
5 0.5941330998248686 0.3250490516677567 0.063922942206655 0.18181818181818182
4 0.6771015761821366 0.25506867233485936 0.043345008756567424 0.10595160235448005
4 0.5137915936952715 0.3371484630477436 0.04597197898423818 0.105297580117724
4 0.6228108581436077 0.5470896010464356 0.05297723292469352 0.1118378024852845