2 0.7688266199649737 0.30150425114453894 0.07267950963222417 0.18835840418574232
5 0.7909369527145359 0.4038587311968607 0.07311733800350263 0.16808371484630477
3 0.8152364273204904 0.5398953564421191 0.0691768826619965 0.1249182472204055
3 0.7666374781085814 0.2462393721386527 0.063922942206655 0.1196860693263571
1 0.8231173380035026 0.6546762589928058 0.06567425569176882 0.13996075866579463
1 0.7412434325744308 0.1553302812295618 0.049912434325744305 0.1379986919555265
6 0.7265761821366025 0.08371484630477437 0.053852889667250436 0.11510791366906475
6 0.848292469352014 0.7854807063440157 0.07837127845884413 0.13342053629823414
4 0.7434325744308231 0.7861347285807717 0.05691768826619965 0.10856769130150425
4 0.7237302977232924 0.6455199476782211 0.053415061295971976 0.10856769130150425
4 0.6998686514886164 0.5451275343361675 0.05122591943957969 0.1026814911706998
4 0.6963660245183888 0.4300196206671027 0.04859894921190893 0.1000654022236756
4 0.6781961471103327 0.3436886854153041 0.05604203152364273 0.1013734466971877
4 0.6760070052539404 0.26913015042511446 0.04816112084063047 0.1013734466971877
4 0.6538966725043783 0.17854807063440156 0.046847635726795095 0.09810333551340746
4 0.6530210157618214 0.08992805755395683 0.04159369527145359 0.1013734466971877
11 0.1771015761821366 0.3270111183780249 0.06873905429071804 0.17396991497710923
8 0.16090192644483362 0.40712884238064095 0.07486865148861646 0.19424460431654678
9 0.16987740805604204 0.2459123610202747 0.06042031523642732 0.12164813603662525
9 0.15761821366024517 0.5438194898626554 0.07793345008756568 0.1366906474820144
7 0.18498248686514887 0.14650098103335513 0.05910683012259194 0.14257684761281883
7 0.14010507880910683 0.6628515369522564 0.06830122591943957 0.1432308698495749
12 0.19505253940455342 0.09189012426422498 0.05647985989492119 0.1170699803793329
12 0.1339754816112084 0.8077174623937214 0.07705779334500876 0.13865271419228253
10 0.26663747810858146 0.09156311314584696 0.04903677758318739 0.09941137998691955
10 0.27342381786339753 0.16939175931981687 0.04859894921190893 0.10464355788096795
10 0.260507880910683 0.25572269457161545 0.050788091068301226 0.10333551340745585
10 0.25853765323992994 0.34009156311314587 0.05297723292469352 0.10202746893394375
10 0.25985113835376533 0.4375408763897973 0.05647985989492119 0.10987573577501634
10 0.23905429071803852 0.802812295618051 0.06129597197898424 0.1092217135382603
10 0.2440893169877408 0.6651406147809026 0.05910683012259194 0.11641595814257685
10 0.43104203152364273 0.5575539568345323 0.05297723292469352 0.1131458469587966