6 0.848292469352014 0.7812295618051014 0.07749562171628721 0.1366906474820144
2 0.7686077057793345 0.29888816219751474 0.07486865148861646 0.2040549378678875
6 0.7331436077057794 0.08567691301504252 0.05472854640980736 0.12164813603662525
5 0.5183887915936952 0.42315238718116416 0.0595446584938704 0.17658600392413343
3 0.63638353765324 0.6559843034663179 0.06348511383537653 0.14911706998037932
3 0.5963222416812609 0.3351863963374755 0.05516637478108581 0.1379986919555265
4 0.7429947460595446 0.7828646173969915 0.05691768826619965 0.11772400261608895
4 0.6061733800350263 0.5382603008502289 0.05122591943957969 0.10464355788096795
4 0.5422504378283712 0.6657946370176586 0.05297723292469352 0.10987573577501634
4 0.6847635726795096 0.3463047743623283 0.049912434325744305 0.1066056245912361
4 0.5140105078809106 0.2648790058862001 0.05253940455341506 0.10725964682799215
4 0.5759632224168126 0.17429692609548725 0.05122591943957969 0.105297580117724
1 0.6519264448336253 0.07979071288423806 0.05253940455341506 0.13734466971877043
1 0.3579246935201401 0.5431654676258992 0.05735551663747811 0.144538914323087
7 0.18432574430823118 0.1510791366906475 0.06042031523642732 0.13996075866579463
12 0.19702276707530647 0.09025506867233486 0.05166374781085814 0.11772400261608895
8 0.16177758318739055 0.40451275343361676 0.07486865148861646 0.19686069326357097
11 0.34413309982486867 0.14682799215173317 0.06217162872154115 0.17854807063440156
9 0.3498248686514886 0.33093525179856115 0.06042031523642732 0.13342053629823414
9 0.16199649737302976 0.5454545454545454 0.07355516637478109 0.13472858077174624
7 0.14338879159369528 0.6608894702419882 0.06961471103327496 0.144538914323087
10 0.25021891418563924 0.6693917593198169 0.05472854640980736 0.1131458469587966
10 0.2589754816112084 0.4395029431000654 0.06260945709281962 0.10856769130150425
10 0.25809982486865146 0.33911052975801176 0.050350262697022766 0.1105297580117724
10 0.2723292469352014 0.17168083714846305 0.05253940455341506 0.1092217135382603
10 0.4128721541155867 0.08600392413342053 0.04903677758318739 0.1066056245912361
10 0.4194395796847636 0.2459123610202747 0.050788091068301226 0.10464355788096795