12 0.6453590192644484 0.7773054283845651 0.07092819614711034 0.1406147809025507
6 0.8445709281961471 0.7795945062132112 0.07443082311733801 0.13603662524525834
2 0.7241681260945709 0.6373446697187705 0.08231173380035026 0.20863309352517986
5 0.5939141856392294 0.3263570961412688 0.06961471103327496 0.17658600392413343
4 0.6768826619964974 0.25539568345323743 0.047285464098073555 0.105297580117724
4 0.6197460595446584 0.5493786788750817 0.05472854640980736 0.11510791366906475
4 0.5118213660245184 0.3371484630477436 0.04903677758318739 0.1026814911706998
6 0.2657618213660245 0.5418574231523872 0.06304728546409807 0.1419228253760628
8 0.35288966725043786 0.40974493132766515 0.07530647985989491 0.19424460431654678
12 0.1740367775831874 0.25277959450621323 0.0669877408056042 0.12622629169391758
10 0.4286339754816112 0.3394375408763898 0.049912434325744305 0.10856769130150425
10 0.35617338003502624 0.18443427076520602 0.04859894921190893 0.10856769130150425
10 0.2683887915936953 0.08796599084368868 0.04903677758318739 0.1039895356442119
10 0.25459719789842383 0.6706998037933289 0.059982486865148864 0.1092217135382603