6 0.5862521891418564 0.06801831262262917 0.053415061295971976 0.12295618051013735
6 0.8401926444833625 0.7351209941137998 0.07443082311733801 0.13865271419228253
2 0.7898423817863398 0.3701765860039241 0.07880910683012259 0.1988227599738391
5 0.5969789842381786 0.29136690647482016 0.06961471103327496 0.17200784826684107
4 0.6637478108581436 0.14421190320470895 0.0446584938704028 0.1013734466971877
4 0.6757880910683012 0.2275997383911053 0.04597197898423818 0.10725964682799215
4 0.6981173380035026 0.4002616088947024 0.05297723292469352 0.11249182472204054
4 0.6210595446584939 0.5052321778940484 0.050350262697022766 0.1079136690647482
4 0.5164185639229422 0.302158273381295 0.053852889667250436 0.10725964682799215
4 0.5172942206654991 0.06507521255722695 0.04597197898423818 0.1000654022236756
3 0.5901926444833625 0.1340745585349902 0.04903677758318739 0.13342053629823414
3 0.43717162872154114 0.394702419882276 0.06961471103327496 0.1393067364290386
11 0.36033274956217165 0.29561805101373445 0.07092819614711034 0.17004578155657293
12 0.20709281961471104 0.05591890124264225 0.05866900175131348 0.1118378024852845
12 0.2548161120840631 0.7446043165467626 0.07005253940455342 0.1366906474820144
8 0.1668126094570928 0.3623283191628515 0.07880910683012259 0.1962066710268149
7 0.15455341506129597 0.486919555264879 0.07530647985989491 0.1379986919555265
9 0.3660245183887916 0.19555264879005888 0.06042031523642732 0.13603662524525834
9 0.16418563922942206 0.606278613472858 0.07793345008756568 0.14388489208633093
10 0.43563922942206657 0.29888816219751474 0.049912434325744305 0.10595160235448005
10 0.28371278458844135 0.05591890124264225 0.04553415061295972 0.1026814911706998
10 0.2852451838879159 0.21550032701111838 0.04859894921190893 0.1092217135382603
10 0.26247810858143605 0.6137998691955526 0.05910683012259194 0.1209941137998692
10 0.44439579684763575 0.7344669718770438 0.06129597197898424 0.11772400261608895