2 0.7762697022767076 0.3116415958142577 0.08318739054290718 0.19555264879005888
6 0.2701401050788091 0.0696533682145193 0.05691768826619965 0.1209941137998692
8 0.1672504378283713 0.3051013734466972 0.0796847635726795 0.20863309352517986
12 0.4384851138353765 0.33976455199476785 0.050350262697022766 0.1249182472204055
7 0.44220665499124345 0.4316546762589928 0.06129597197898424 0.14126880313930673
10 0.3557355516637478 0.5601700457815566 0.05735551663747811 0.1105297580117724
10 0.273861646234676 0.16742969260954874 0.050350262697022766 0.10987573577501634
10 0.260507880910683 0.3371484630477436 0.053415061295971976 0.1118378024852845
4 0.34785464098073554 0.44146500981033354 0.053852889667250436 0.10725964682799215
4 0.590630472854641 0.342053629823414 0.04553415061295972 0.10856769130150425
4 0.5424693520140105 0.6644865925441465 0.05253940455341506 0.11641595814257685