5 0.5956654991243433 0.2975801177240026 0.07311733800350263 0.17135382603008503
2 0.7867775831873906 0.3701765860039241 0.08756567425569177 0.2001308044473512
6 0.8384413309982487 0.7253106605624591 0.07618213660245184 0.15304120340091562
6 0.5842819614711033 0.061478090255068674 0.05297723292469352 0.11118378024852844
3 0.589754816112084 0.13440156965336822 0.06304728546409807 0.1301504251144539
3 0.4419877408056042 0.3924133420536298 0.0669877408056042 0.14126880313930673
4 0.6661558669001751 0.1461739699149771 0.04597197898423818 0.1013734466971877
4 0.6768826619964974 0.22956180510137345 0.046409807355516634 0.10595160235448005
4 0.6992119089316988 0.40189666448659256 0.049912434325744305 0.118378024852845
4 0.625 0.5029431000654022 0.05647985989492119 0.11118378024852844
4 0.5159807355516638 0.30117724002616086 0.05122591943957969 0.105297580117724
4 0.5199211908931699 0.06605624591236102 0.04947460595446585 0.10725964682799215
11 0.361646234676007 0.2949640287769784 0.07355516637478109 0.17004578155657293
7 0.2578809106830123 0.3803139306736429 0.06567425569176882 0.1510791366906475
12 0.364492119089317 0.19032047089601045 0.059982486865148864 0.13734466971877043
12 0.1646234676007005 0.6013734466971877 0.07618213660245184 0.15369522563767168
8 0.16790718038528896 0.3675604970568999 0.08012259194395797 0.2053629823413996
12 0.2040280210157618 0.05461085676913015 0.0647985989492119 0.1092217135382603
12 0.25109457092819615 0.7410071942446043 0.0766199649737303 0.14257684761281883
10 0.2821803852889667 0.05722694571615435 0.04947460595446585 0.1013734466971877
10 0.2631348511383538 0.6147809025506867 0.05691768826619965 0.11641595814257685
10 0.2883099824868651 0.21877043819489864 0.05647985989492119 0.1131458469587966
10 0.4354203152364273 0.30150425114453894 0.05122591943957969 0.10725964682799215
10 0.4463660245183888 0.73675604970569 0.05735551663747811 0.1223021582733813