5 0.5980735551663747 0.2907128842380641 0.07005253940455342 0.17724002616088946
2 0.8058231173380035 0.48234139960758665 0.08362521891418565 0.20601700457815567
6 0.8369089316987741 0.7315238718116416 0.08099824868651488 0.1471550032701112
4 0.6963660245183888 0.4051667756703728 0.050350262697022766 0.1118378024852845
4 0.6751313485113836 0.2275997383911053 0.053415061295971976 0.09941137998691955
4 0.6624343257443083 0.144865925441465 0.047285464098073555 0.1000654022236756
4 0.5203590192644484 0.06736429038587312 0.04509632224168126 0.09810333551340746
4 0.5153239929947461 0.302158273381295 0.050788091068301226 0.11379986919555266
4 0.6236865148861647 0.5039241334205363 0.05910683012259194 0.118378024852845
3 0.4404553415061296 0.39372138652714195 0.063922942206655 0.13734466971877043
12 0.2068739054290718 0.05559189012426422 0.06085814360770578 0.11118378024852844
12 0.25547285464098074 0.7442773054283846 0.06611208406304729 0.13734466971877043
8 0.2670753064798599 0.3695225637671681 0.07530647985989491 0.1988227599738391
9 0.5083187390542907 0.13767168083714845 0.0542907180385289 0.1432308698495749
9 0.16615586690017514 0.6030085022890779 0.0766199649737303 0.14388489208633093
7 0.4413309982486865 0.6030085022890779 0.06129597197898424 0.13865271419228253
11 0.36295971978984237 0.29103989535644215 0.06304728546409807 0.17789404839764553
10 0.43498248686514884 0.302485284499673 0.050350262697022766 0.1039895356442119
10 0.28458844133099825 0.05722694571615435 0.053415061295971976 0.1066056245912361
10 0.28612084063047283 0.2171353826030085 0.050350262697022766 0.10595160235448005
10 0.26072679509632224 0.6164159581425769 0.05910683012259194 0.1144538914323087
10 0.44680385288966723 0.738064094179202 0.06260945709281962 0.1157619359058208