5 0.7830560420315237 0.2969260954872466 0.06873905429071804 0.15304120340091562
2 0.7911558669001751 0.36886854153041204 0.07618213660245184 0.18574231523871812
1 0.7637915936952715 0.2145192936559843 0.053852889667250436 0.12426422498364945
1 0.8036339754816112 0.4960758665794637 0.059982486865148864 0.131458469587966
3 0.7473730297723292 0.1366906474820144 0.05691768826619965 0.11379986919555266
3 0.8270577933450087 0.6085676913015042 0.07443082311733801 0.1223021582733813
6 0.7425569176882661 0.06638325703073905 0.04903677758318739 0.1013734466971877
6 0.8428196147110333 0.73675604970569 0.07180385288966724 0.12622629169391758
4 0.658493870402802 0.06376716808371484 0.04203152364273205 0.09352517985611511
4 0.6650612959719789 0.14290385873119685 0.040280210157618214 0.09614126880313931
4 0.6768826619964974 0.22596468279921517 0.04203152364273205 0.09614126880313931
4 0.6871716287215411 0.3083714846304774 0.043345008756567424 0.0987573577501635
4 0.6985551663747811 0.40353172007848265 0.04947460595446585 0.09417920209287116
4 0.7119089316987741 0.5068672334859385 0.046409807355516634 0.10595160235448005
4 0.7254816112084063 0.6157619359058208 0.049912434325744305 0.1026814911706998
4 0.7390542907180385 0.736429038587312 0.0542907180385289 0.10202746893394375
11 0.18848511383537653 0.2776324395029431 0.06348511383537653 0.16939175931981687
8 0.17359894921190894 0.36396337475474166 0.06786339754816112 0.18901242642249835
7 0.16024518388791595 0.4898626553302812 0.05691768826619965 0.13603662524525834
7 0.19220665499124343 0.20503597122302158 0.05166374781085814 0.1301504251144539
9 0.19964973730297722 0.12753433616742968 0.0542907180385289 0.11772400261608895
9 0.15564798598949212 0.6229561805101373 0.06873905429071804 0.1301504251144539
10 0.2539404553415061 0.7403531720078482 0.05691768826619965 0.10464355788096795
10 0.2611646234676007 0.6167429692609548 0.06260945709281962 0.10333551340745585
10 0.26444833625218916 0.5147155003270111 0.05253940455341506 0.09810333551340746
10 0.27648861646234674 0.4117069980379333 0.050350262697022766 0.1013734466971877
10 0.27714535901926446 0.3106605624591236 0.05253940455341506 0.09810333551340746
10 0.2856830122591944 0.22563767168083715 0.043345008756567424 0.09417920209287116
10 0.28612084063047283 0.1393067364290386 0.04509632224168126 0.08894702419882276
10 0.28612084063047283 0.060170045781556575 0.044220665499124345 0.09810333551340746
12 0.2090630472854641 0.052975801177240024 0.047723292469352016 0.10464355788096795
12 0.14251313485113834 0.7446043165467626 0.06786339754816112 0.1406147809025507