2 0.7399299474605955 0.5981033355134074 0.0840630472854641 0.19686069326357097
6 0.8552977232924693 0.7396991497710922 0.06873905429071804 0.13996075866579463
12 0.6552101576182137 0.7217135382603008 0.06611208406304729 0.1393067364290386
9 0.5297723292469352 0.12949640287769784 0.049912434325744305 0.13865271419228253
5 0.6175569176882661 0.2907128842380641 0.06961471103327496 0.17724002616088946
4 0.6968038528896673 0.22661870503597123 0.04509632224168126 0.1026814911706998
4 0.7178196147110333 0.4051667756703728 0.05472854640980736 0.105297580117724
4 0.6405429071803853 0.5035971223021583 0.05166374781085814 0.10856769130150425
4 0.5369964973730298 0.29823413996075865 0.04859894921190893 0.10856769130150425
3 0.4590630472854641 0.39012426422498364 0.06260945709281962 0.1353826030085023
10 0.45577933450087565 0.2949640287769784 0.04903677758318739 0.10071942446043165
11 0.38047285464098074 0.28482668410725964 0.07005253940455342 0.17200784826684107
8 0.2850262697022767 0.35578809679529105 0.07180385288966724 0.1948986265533028
12 0.23226795096322242 0.04970568999345978 0.059982486865148864 0.09941137998691955
10 0.306260945709282 0.046762589928057555 0.04597197898423818 0.09352517985611511
10 0.3073555166374781 0.2040549378678875 0.050788091068301226 0.10464355788096795
10 0.2747373029772329 0.6030085022890779 0.05823117338003503 0.11249182472204054