6 0.6442644483362522 0.7704381948986265 0.07311733800350263 0.13865271419228253
6 0.8476357267950964 0.7795945062132112 0.07618213660245184 0.14126880313930673
2 0.7211033274956217 0.6379986919555265 0.09019264448336252 0.20470896010464357
5 0.5930385288966725 0.3240680183126226 0.0617338003502627 0.17593198168737736
4 0.6775394045534151 0.2544146500981033 0.04947460595446585 0.11510791366906475
4 0.6232486865148862 0.5497056899934598 0.05647985989492119 0.1196860693263571
4 0.5096322241681261 0.3378024852844997 0.04816112084063047 0.1079136690647482
3 0.2672942206654991 0.5415304120340092 0.07224168126094571 0.14388489208633093
8 0.2600700525394046 0.41137998691955524 0.07180385288966724 0.2001308044473512
10 0.25547285464098074 0.670372792674951 0.05823117338003503 0.11118378024852844
12 0.175569176882662 0.25049051667756705 0.0647985989492119 0.11772400261608895
10 0.26970227670753066 0.08763897972531066 0.049912434325744305 0.10333551340745585
10 0.3542031523642732 0.17920209287115763 0.050788091068301226 0.10725964682799215
10 0.4308231173380035 0.3430346631785481 0.049912434325744305 0.1105297580117724