3 0.44395796847635727 0.39535644211903204 0.06304728546409807 0.1353826030085023
4 0.5192644483362522 0.065729234793983 0.046409807355516634 0.105297580117724
6 0.8404115586690017 0.7357750163505559 0.08362521891418565 0.14126880313930673
2 0.8047285464098074 0.486919555264879 0.08756567425569177 0.20078482668410727
5 0.5993870402802102 0.2923479398299542 0.063922942206655 0.18181818181818182
4 0.6974605954465849 0.40614780902550685 0.049912434325744305 0.10595160235448005
4 0.6764448336252189 0.23054283845650753 0.0446584938704028 0.1039895356442119
4 0.5164185639229422 0.3051013734466972 0.04947460595446585 0.1026814911706998
4 0.6232486865148862 0.5055591890124265 0.0521015761821366 0.10856769130150425
12 0.6409807355516638 0.7181164159581426 0.07355516637478109 0.14257684761281883
12 0.2103765323992995 0.058862001308044476 0.05910683012259194 0.11772400261608895
11 0.36274080560420313 0.2946370176586004 0.05910683012259194 0.17462393721386527
8 0.2701401050788091 0.3731196860693264 0.07267950963222417 0.19555264879005888
7 0.4411120840630473 0.6010464355788097 0.0617338003502627 0.14388489208633093
9 0.5083187390542907 0.13570961412688032 0.053415061295971976 0.1327665140614781
9 0.3579246935201401 0.4960758665794637 0.06436077057793345 0.1419228253760628
10 0.436077057793345 0.30052321778940483 0.04903677758318739 0.1039895356442119
10 0.2841506129597198 0.05755395683453238 0.04903677758318739 0.10333551340745585
10 0.2878721541155867 0.21680837148463047 0.046847635726795095 0.1092217135382603
10 0.26225919439579687 0.6124918247220406 0.05779334500875657 0.1170699803793329