2 0.7681698774080561 0.29823413996075865 0.0818739054290718 0.2092871157619359
1 0.5998248686514887 0.15892740353172008 0.05779334500875657 0.14126880313930673
6 0.5704903677758318 0.07979071288423806 0.0542907180385289 0.12818835840418574
6 0.5030647985989493 0.1644865925441465 0.05866900175131348 0.12753433616742968
4 0.6852014010507881 0.34172661870503596 0.04816112084063047 0.1118378024852845
4 0.7412434325744308 0.7844996729888816 0.06304728546409807 0.1196860693263571
4 0.6079246935201401 0.5362982341399608 0.05472854640980736 0.12295618051013735
4 0.5424693520140105 0.6628515369522564 0.06217162872154115 0.12753433616742968
4 0.4176882661996497 0.17658600392413343 0.04816112084063047 0.10464355788096795
3 0.44089316987740806 0.249836494440811 0.06567425569176882 0.13734466971877043
3 0.24671628721541156 0.6402877697841727 0.08099824868651488 0.15042511445389142
8 0.16418563922942206 0.40745585349901897 0.08056042031523643 0.2053629823413996
7 0.18476357267950963 0.15206017004578157 0.07180385288966724 0.1432308698495749
7 0.35617338003502624 0.4247874427730543 0.06786339754816112 0.1497710922171354
12 0.19767950963222417 0.0974493132766514 0.06523642732049037 0.13472858077174624
11 0.3445709281961471 0.1487900588620013 0.07092819614711034 0.18116415958142576
9 0.2351138353765324 0.788750817527796 0.07793345008756568 0.16481360366252454
10 0.2745183887915937 0.16285153695225638 0.053415061295971976 0.11379986919555266
10 0.25853765323992994 0.3371484630477436 0.05823117338003503 0.1039895356442119
10 0.2596322241681261 0.43590582079790713 0.06654991243432574 0.1157619359058208
10 0.3557355516637478 0.5683453237410072 0.06260945709281962 0.12688031393067364