9 0.45271453590192645 0.6474820143884892 0.06830122591943957 0.16088947024198821
8 0.16484238178633975 0.30412034009156313 0.07749562171628721 0.2053629823413996
11 0.3450087565674256 0.1461739699149771 0.06217162872154115 0.17854807063440156
7 0.4382661996497373 0.4326357096141269 0.06742556917688267 0.1432308698495749
12 0.4242556917688266 0.15892740353172008 0.06042031523642732 0.12557226945716154
10 0.4404553415061296 0.3273381294964029 0.0542907180385289 0.105297580117724
10 0.273861646234676 0.17004578155657293 0.06436077057793345 0.11510791366906475
10 0.25985113835376533 0.3394375408763898 0.05297723292469352 0.11118378024852844
10 0.35376532399299476 0.5637671680837149 0.0542907180385289 0.12557226945716154
6 0.2701401050788091 0.07423152387181164 0.06217162872154115 0.1301504251144539
3 0.2469352014010508 0.645846958796599 0.07793345008756568 0.16154349247874428
1 0.5087565674255692 0.23446697187704382 0.049912434325744305 0.1458469587965991
2 0.7697022767075307 0.3001962066710268 0.08318739054290718 0.2001308044473512
4 0.6849824868651488 0.3410725964682799 0.04947460595446585 0.1131458469587966
4 0.542031523642732 0.6631785480706344 0.05253940455341506 0.12426422498364945
4 0.6085814360770578 0.539241334205363 0.05253940455341506 0.118378024852845