5 0.792907180385289 0.4054937867887508 0.07530647985989491 0.17396991497710923
2 0.7703590192644484 0.30379332897318506 0.07486865148861646 0.17985611510791366
3 0.7668563922942206 0.2449313276651406 0.06611208406304729 0.1209941137998692
3 0.815893169877408 0.5415304120340092 0.0766199649737303 0.12034009156311315
1 0.7443082311733801 0.15565729234793982 0.050788091068301226 0.13472858077174624
1 0.8233362521891419 0.6553302812295618 0.06523642732049037 0.13211249182472204
6 0.7246059544658494 0.08109875735775017 0.053415061295971976 0.12426422498364945
6 0.8487302977232924 0.7858077174623938 0.07574430823117338 0.12884238064094178
4 0.7447460595446584 0.7867887508175277 0.0595446584938704 0.11118378024852844
4 0.7226357267950964 0.645846958796599 0.06260945709281962 0.1118378024852845
4 0.6972416812609457 0.5425114453891432 0.05472854640980736 0.1026814911706998
4 0.694614711033275 0.4296926095487247 0.0521015761821366 0.09941137998691955
4 0.6849824868651488 0.34532374100719426 0.04859894921190893 0.09810333551340746
4 0.6777583187390543 0.2668410725964683 0.047285464098073555 0.09941137998691955
4 0.6598073555166375 0.17625899280575538 0.04203152364273205 0.09614126880313931
4 0.6549912434325744 0.09156311314584696 0.04203152364273205 0.09941137998691955
11 0.1771015761821366 0.3240680183126226 0.06436077057793345 0.17069980379332897
8 0.16112084063047286 0.40614780902550685 0.07267950963222417 0.1948986265533028
9 0.1718476357267951 0.24362328319162851 0.06436077057793345 0.1144538914323087
9 0.15958844133099825 0.5448005232177894 0.0669877408056042 0.13211249182472204
7 0.18563922942206654 0.1497710922171354 0.0542907180385289 0.13472858077174624
7 0.14295096322241682 0.6635055591890124 0.0669877408056042 0.1393067364290386
12 0.19592819614711032 0.08731196860693263 0.053852889667250436 0.1196860693263571
12 0.1317863397548161 0.8054283845650753 0.07092819614711034 0.1366906474820144
10 0.2657618213660245 0.09025506867233486 0.0446584938704028 0.09810333551340746
10 0.2714535901926445 0.17004578155657293 0.04553415061295972 0.10071942446043165
10 0.2587565674255692 0.25539568345323743 0.04553415061295972 0.1013734466971877
10 0.26160245183887915 0.3368214519293656 0.050350262697022766 0.09679529103989536
10 0.25985113835376533 0.4375408763897973 0.0521015761821366 0.10464355788096795
10 0.2521891418563923 0.5490516677567038 0.05166374781085814 0.1066056245912361
10 0.2440893169877408 0.6693917593198169 0.05472854640980736 0.1105297580117724
10 0.2381786339754816 0.8044473512099412 0.063922942206655 0.10856769130150425