7 0.4428633975481611 0.4323086984957489 0.07049036777583187 0.14126880313930673
12 0.43498248686514884 0.3410725964682799 0.05823117338003503 0.131458469587966
9 0.45183887915936954 0.6494440810987574 0.07092819614711034 0.15827338129496402
8 0.1672504378283713 0.3054283845650752 0.08231173380035026 0.2119032047089601
11 0.3450087565674256 0.1458469587965991 0.0691768826619965 0.17658600392413343
10 0.2747373029772329 0.16644865925441465 0.05560420315236427 0.1105297580117724
10 0.2596322241681261 0.3384565075212557 0.05779334500875657 0.1079136690647482
10 0.3563922942206655 0.5650752125572269 0.05166374781085814 0.11772400261608895
6 0.27342381786339753 0.06932635709614127 0.047723292469352016 0.13080444735120994
3 0.3489492119089317 0.421190320470896 0.06217162872154115 0.15434924787442772
2 0.771891418563923 0.29790712884238063 0.08756567425569177 0.20078482668410727
4 0.42819614711033277 0.5398953564421191 0.05516637478108581 0.1092217135382603
4 0.5888791593695272 0.34270765206017006 0.0542907180385289 0.11379986919555266
4 0.5424693520140105 0.6631785480706344 0.05866900175131348 0.12034009156311315