6 0.8524518388791593 0.7432962720732504 0.07530647985989491 0.1353826030085023
2 0.739492119089317 0.6010464355788097 0.08231173380035026 0.2040549378678875
5 0.6186514886164624 0.2946370176586004 0.06217162872154115 0.16677567037279267
4 0.6983362521891419 0.2275997383911053 0.047285464098073555 0.10464355788096795
4 0.7158493870402802 0.4048397645519948 0.05166374781085814 0.10464355788096795
4 0.6396672504378283 0.5039241334205363 0.0542907180385289 0.105297580117724
4 0.535245183887916 0.2972531066056246 0.05122591943957969 0.1026814911706998
3 0.4581873905429072 0.38521909744931326 0.05735551663747811 0.13472858077174624
7 0.4555604203152364 0.5971223021582733 0.06085814360770578 0.14257684761281883
11 0.3780647985989492 0.28253760627861346 0.06523642732049037 0.17396991497710923
8 0.28677758318739055 0.3570961412688031 0.07180385288966724 0.1935905820797907
9 0.37259194395796846 0.48266841072596467 0.06042031523642732 0.14257684761281883
10 0.4553415061295972 0.29594506213211247 0.046409807355516634 0.1013734466971877
10 0.30757443082311736 0.2027468933943754 0.04597197898423818 0.10464355788096795
10 0.2773642732049037 0.6023544800523217 0.05647985989492119 0.11249182472204054
10 0.3071366024518389 0.0487246566383257 0.046847635726795095 0.0974493132766514
12 0.23095446584938703 0.04839764551994768 0.05735551663747811 0.09679529103989536
12 0.6576182136602452 0.7213865271419229 0.06830122591943957 0.14650098103335513