8 0.16703152364273205 0.30052321778940483 0.08099824868651488 0.21124918247220406
10 0.27626970227670755 0.17200784826684107 0.05866900175131348 0.10725964682799215
10 0.2611646234676007 0.34238064094179205 0.0617338003502627 0.1170699803793329
12 0.4367338003502627 0.33387835186396336 0.06085814360770578 0.1379986919555265
7 0.44395796847635727 0.4352517985611511 0.06567425569176882 0.1484630477436233
10 0.35683012259194397 0.5624591236102028 0.0647985989492119 0.11903204708960105
11 0.773861646234676 0.31654676258992803 0.07574430823117338 0.18181818181818182
2 0.6941768826619965 0.30869849574885544 0.0818739054290718 0.2027468933943754
6 0.2716725043782837 0.07194244604316546 0.06085814360770578 0.12557226945716154
4 0.34697898423817863 0.4431000654022237 0.05560420315236427 0.118378024852845
4 0.5422504378283712 0.6651406147809026 0.06348511383537653 0.11903204708960105
4 0.5893169877408057 0.34270765206017006 0.05253940455341506 0.11772400261608895