2 0.7692644483362522 0.29856115107913667 0.08231173380035026 0.20994113799869196
1 0.5987302977232924 0.15598430346631786 0.050350262697022766 0.1419228253760628
6 0.571584938704028 0.07848266841072596 0.06260945709281962 0.13080444735120994
6 0.5214535901926445 0.4368868541530412 0.07092819614711034 0.15696533682145192
4 0.6823555166374781 0.34009156311314587 0.05735551663747811 0.11641595814257685
4 0.7436514886164624 0.7769784172661871 0.06085814360770578 0.12295618051013735
4 0.5453152364273205 0.6674296926095488 0.06348511383537653 0.1249182472204055
4 0.6079246935201401 0.5349901896664486 0.05560420315236427 0.12688031393067364
4 0.4163747810858144 0.17985611510791366 0.050788091068301226 0.10595160235448005
4 0.49233800350262696 0.17527795945062133 0.05560420315236427 0.10725964682799215
3 0.5976357267950964 0.33387835186396336 0.06654991243432574 0.15238718116415959
3 0.443739054290718 0.776324395029431 0.07136602451838879 0.16481360366252454
11 0.34697898423817863 0.144865925441465 0.06611208406304729 0.18116415958142576
9 0.23598949211908932 0.7890778286461739 0.08669001751313485 0.16285153695225638
12 0.1978984238178634 0.08796599084368868 0.063922942206655 0.12753433616742968
7 0.35617338003502624 0.42805755395683454 0.06786339754816112 0.15500327011118378
7 0.18979859894921192 0.1497710922171354 0.06348511383537653 0.16088947024198821
8 0.1591506129597198 0.408436886854153 0.09325744308231174 0.20601700457815567
10 0.41265323992994746 0.08338783518639634 0.05735551663747811 0.1105297580117724
10 0.27429947460595444 0.16514061478090256 0.05560420315236427 0.1144538914323087
10 0.2587565674255692 0.3351863963374755 0.04903677758318739 0.1131458469587966
10 0.25941330998248685 0.4375408763897973 0.05910683012259194 0.11772400261608895
10 0.35617338003502624 0.5591890124264225 0.06523642732049037 0.12426422498364945