11 0.3450087565674256 0.1471550032701112 0.07092819614711034 0.18443427076520602
8 0.1630910683012259 0.408109875735775 0.08537653239929947 0.2197514715500327
12 0.1978984238178634 0.08600392413342053 0.06217162872154115 0.131458469587966
7 0.18651488616462347 0.1471550032701112 0.063922942206655 0.15173315892740352
7 0.3533274956217163 0.42805755395683454 0.07180385288966724 0.15238718116415959
9 0.23445709281961472 0.7874427730542839 0.08800350262697022 0.17789404839764553
10 0.41440455341506127 0.08665794637017658 0.04859894921190893 0.1131458469587966
10 0.27342381786339753 0.16383257030739046 0.05823117338003503 0.1209941137998692
10 0.25985113835376533 0.34139960758665794 0.05647985989492119 0.12164813603662525
10 0.2589754816112084 0.4368868541530412 0.06611208406304729 0.12295618051013735
10 0.3585814360770578 0.5631131458469588 0.05604203152364273 0.12426422498364945
2 0.7703590192644484 0.29856115107913667 0.0818739054290718 0.19947678221059517
1 0.5961033274956217 0.15729234793982996 0.050350262697022766 0.1471550032701112
3 0.4395796847635727 0.7743623283191629 0.07530647985989491 0.16873773708306083
3 0.43717162872154114 0.2462393721386527 0.07311733800350263 0.1340745585349902
6 0.568739054290718 0.08077174623937214 0.0595446584938704 0.12622629169391758
6 0.5232049036777583 0.4368868541530412 0.0647985989492119 0.13603662524525834
4 0.7436514886164624 0.7818835840418574 0.06085814360770578 0.1223021582733813
4 0.4163747810858144 0.1801831262262917 0.053415061295971976 0.105297580117724
4 0.49146234676007006 0.17266187050359713 0.0521015761821366 0.10464355788096795
4 0.684106830122592 0.34172661870503596 0.04859894921190893 0.1105297580117724
4 0.6077057793345009 0.539241334205363 0.05604203152364273 0.1223021582733813
4 0.5415936952714536 0.6638325703073904 0.06129597197898424 0.11772400261608895