6 0.5904115586690017 0.06867233485938522 0.04947460595446585 0.11379986919555266
6 0.839754816112084 0.7321778940483976 0.07355516637478109 0.144538914323087
2 0.7911558669001751 0.3669064748201439 0.07443082311733801 0.2001308044473512
5 0.5998248686514887 0.29627207325049054 0.0647985989492119 0.18051013734466972
4 0.699430823117338 0.40353172007848265 0.05297723292469352 0.11118378024852844
4 0.6773204903677759 0.22727272727272727 0.046409807355516634 0.1026814911706998
4 0.6635288966725044 0.1422498364944408 0.044220665499124345 0.09614126880313931
4 0.5201401050788091 0.06507521255722695 0.046409807355516634 0.105297580117724
4 0.6254378283712785 0.5062132112491825 0.04597197898423818 0.10856769130150425
4 0.5186077057793345 0.30379332897318506 0.047723292469352016 0.1026814911706998
3 0.5888791593695272 0.13309352517985612 0.042907180385288964 0.12884238064094178
3 0.44461471103327493 0.394702419882276 0.06873905429071804 0.1406147809025507
7 0.4426444833625219 0.6026814911706998 0.06654991243432574 0.1432308698495749
8 0.17359894921190894 0.36396337475474166 0.07837127845884413 0.20209287115761937
11 0.36646234676007006 0.29594506213211247 0.0647985989492119 0.17069980379332897
9 0.3666812609457093 0.19555264879005888 0.05472854640980736 0.13472858077174624
9 0.1646234676007005 0.6013734466971877 0.08231173380035026 0.15369522563767168
12 0.2539404553415061 0.7423152387181164 0.07180385288966724 0.13734466971877043
12 0.2075306479859895 0.05559189012426422 0.05779334500875657 0.11118378024852844
10 0.26444833625218916 0.6137998691955526 0.05166374781085814 0.1118378024852845
10 0.2852451838879159 0.060824068018312624 0.05122591943957969 0.09941137998691955
10 0.2896234676007005 0.21778940483976456 0.05823117338003503 0.10595160235448005
10 0.4373905429071804 0.29790712884238063 0.049912434325744305 0.1092217135382603
10 0.44702276707530647 0.7383911052975801 0.06304728546409807 0.12295618051013735