1 0.7086252189141856 0.6082406801831263 0.059982486865148864 0.14780902550686723
6 0.5864711033274956 0.065729234793983 0.05560420315236427 0.1118378024852845
6 0.837784588441331 0.7282537606278614 0.06611208406304729 0.1340745585349902
2 0.7898423817863398 0.3655984303466318 0.07880910683012259 0.197514715500327
5 0.5978546409807356 0.2884238064094179 0.05823117338003503 0.16481360366252454
1 0.5275831873905429 0.49640287769784175 0.05253940455341506 0.13603662524525834
4 0.6753502626970228 0.22792674950948333 0.04597197898423818 0.0974493132766514
4 0.6652802101576182 0.14519293655984303 0.03984238178633975 0.09417920209287116
4 0.6974605954465849 0.40189666448659256 0.047285464098073555 0.1079136690647482
4 0.7075306479859895 0.5052321778940484 0.049912434325744305 0.1013734466971877
4 0.6438266199649737 0.7442773054283846 0.0521015761821366 0.11510791366906475
4 0.6158056042031523 0.6137998691955526 0.05122591943957969 0.1026814911706998
4 0.5151050788091068 0.3001962066710268 0.04509632224168126 0.09810333551340746
4 0.5190455341506129 0.06867233485938522 0.04159369527145359 0.10333551340745585
3 0.5880035026269702 0.12949640287769784 0.0542907180385289 0.12949640287769784
3 0.4395796847635727 0.39568345323741005 0.0647985989492119 0.13342053629823414
11 0.18739054290718038 0.27665140614780903 0.0691768826619965 0.17527795945062133
8 0.1718476357267951 0.36265533028122954 0.07311733800350263 0.19424460431654678
12 0.25284588441330996 0.7361020274689339 0.06348511383537653 0.1379986919555265
12 0.2062171628721541 0.052648790058862 0.0595446584938704 0.105297580117724
7 0.3618651488616462 0.05591890124264225 0.04597197898423818 0.1118378024852845
7 0.1569614711033275 0.4856115107913669 0.06260945709281962 0.1366906474820144
9 0.36427320490367776 0.19784172661870503 0.05516637478108581 0.1379986919555265
9 0.16637478108581435 0.6033355134074558 0.06830122591943957 0.1432308698495749
10 0.4358581436077058 0.30183126226291696 0.04246935201401051 0.1026814911706998
10 0.4290718038528897 0.1379986919555265 0.04816112084063047 0.10464355788096795
10 0.2841506129597198 0.0565729234793983 0.046409807355516634 0.1026814911706998
10 0.2817425569176883 0.2223675604970569 0.047723292469352016 0.09941137998691955
10 0.2729859894921191 0.40614780902550685 0.05560420315236427 0.09679529103989536
10 0.26444833625218916 0.5094833224329627 0.046409807355516634 0.10464355788096795
10 0.26444833625218916 0.6147809025506867 0.0542907180385289 0.11118378024852844
10 0.44877408056042034 0.7361020274689339 0.05516637478108581 0.1144538914323087