5 0.5203590192644484 0.421190320470896 0.06961471103327496 0.17527795945062133
2 0.7707968476357268 0.29790712884238063 0.08012259194395797 0.20994113799869196
6 0.7885288966725044 0.4375408763897973 0.07092819614711034 0.13472858077174624
4 0.742338003502627 0.7854807063440157 0.06523642732049037 0.11903204708960105
4 0.6834500875656743 0.34401569653368214 0.050788091068301226 0.10987573577501634
4 0.5135726795096323 0.2616088947024199 0.04816112084063047 0.11772400261608895
4 0.5418126094570929 0.6654676258992805 0.05910683012259194 0.1236102027468934
4 0.6057355516637478 0.5379332897318508 0.05823117338003503 0.1157619359058208
4 0.49014886164623467 0.16906474820143885 0.05122591943957969 0.1118378024852845
6 0.5702714535901926 0.08404185742315239 0.05560420315236427 0.1236102027468934
1 0.598292469352014 0.157946370176586 0.05297723292469352 0.1484630477436233
1 0.351138353765324 0.5382603008502289 0.07880910683012259 0.14650098103335513
9 0.35157618213660247 0.3207979071288424 0.06129597197898424 0.1340745585349902
9 0.23905429071803852 0.7910398953564421 0.08318739054290718 0.15238718116415959
12 0.19899299474605955 0.08796599084368868 0.0617338003502627 0.12884238064094178
11 0.3445709281961471 0.1500981033355134 0.0691768826619965 0.17331589274035317
8 0.1628721541155867 0.4064748201438849 0.09106830122591944 0.21255722694571616
7 0.18563922942206654 0.15042511445389142 0.06217162872154115 0.14519293655984303
7 0.35748686514886163 0.4293655984303466 0.06611208406304729 0.1458469587965991
10 0.41352889667250436 0.08731196860693263 0.04947460595446585 0.1039895356442119
10 0.4159369527145359 0.24427730542838458 0.0542907180385289 0.1118378024852845
10 0.2723292469352014 0.16514061478090256 0.05253940455341506 0.1105297580117724
10 0.26028896672504376 0.3358404185742315 0.05472854640980736 0.1170699803793329
10 0.26028896672504376 0.43721386527141926 0.06085814360770578 0.1118378024852845
10 0.24737302977232925 0.6628515369522564 0.0647985989492119 0.1196860693263571