12 0.19811733800350262 0.08960104643557881 0.05910683012259194 0.12426422498364945
8 0.16615586690017514 0.3057553956834532 0.08537653239929947 0.20209287115761937
7 0.18542031523642732 0.14780902550686723 0.05823117338003503 0.14519293655984303
11 0.34654115586690015 0.14519293655984303 0.06961471103327496 0.18312622629169392
9 0.23489492119089317 0.788750817527796 0.08537653239929947 0.15696533682145192
10 0.2723292469352014 0.1657946370176586 0.05166374781085814 0.1118378024852845
10 0.2583187390542907 0.3371484630477436 0.050788091068301226 0.1092217135382603
10 0.2589754816112084 0.4378678875081753 0.05647985989492119 0.1131458469587966
10 0.3563922942206655 0.5621321124918247 0.0595446584938704 0.1118378024852845
2 0.771015761821366 0.29888816219751474 0.08669001751313485 0.2053629823413996
1 0.5980735551663747 0.15860039241334206 0.053415061295971976 0.1510791366906475
6 0.5707092819614711 0.07880967952910399 0.05472854640980736 0.1340745585349902
6 0.5111646234676007 0.3430346631785481 0.06085814360770578 0.1340745585349902
3 0.24605954465849386 0.6422498364944408 0.07355516637478109 0.16481360366252454
3 0.3489492119089317 0.4375408763897973 0.0647985989492119 0.15173315892740352
4 0.4211908931698774 0.1827992151733159 0.050788091068301226 0.1079136690647482
4 0.6852014010507881 0.34270765206017006 0.047285464098073555 0.11249182472204054
4 0.5214535901926445 0.8060824068018313 0.05779334500875657 0.118378024852845
4 0.5433450087565674 0.6657946370176586 0.05604203152364273 0.11510791366906475
4 0.6072679509632224 0.539241334205363 0.05516637478108581 0.118378024852845