5 0.6022329246935202 0.28973185088293 0.0766199649737303 0.17920209287115763
3 0.44527145359019266 0.3973185088293002 0.07180385288966724 0.1419228253760628
7 0.4411120840630473 0.5994113799869195 0.06961471103327496 0.1510791366906475
11 0.36295971978984237 0.29005886200130804 0.06742556917688267 0.17593198168737736
9 0.1668126094570928 0.5945062132112492 0.07530647985989491 0.16350555918901244
8 0.2677320490367776 0.368214519293656 0.07924693520140105 0.197514715500327
12 0.2062171628721541 0.05591890124264225 0.06217162872154115 0.1118378024852845
12 0.25503502626970226 0.7419882275997384 0.08274956217162872 0.1406147809025507
10 0.260507880910683 0.6121648136036625 0.06304728546409807 0.10856769130150425
10 0.2869964973730298 0.2158273381294964 0.05735551663747811 0.10595160235448005
10 0.2852451838879159 0.0578809679529104 0.05735551663747811 0.1039895356442119
10 0.4391418563922942 0.302812295618051 0.046409807355516634 0.10202746893394375
10 0.449430823117338 0.7357750163505559 0.06436077057793345 0.11772400261608895
4 0.5197022767075307 0.065729234793983 0.0542907180385289 0.1026814911706998
4 0.6795096322241682 0.23119686069326356 0.05516637478108581 0.1092217135382603
4 0.6628721541155866 0.1435578809679529 0.05166374781085814 0.1026814911706998
4 0.5183887915936952 0.30085022890778285 0.05604203152364273 0.10595160235448005
4 0.6228108581436077 0.5049051667756703 0.05910683012259194 0.11772400261608895
4 0.6985551663747811 0.4048397645519948 0.05297723292469352 0.11379986919555266
2 0.7911558669001751 0.3672334859385219 0.08143607705779335 0.20601700457815567
6 0.8393169877408057 0.7344669718770438 0.08318739054290718 0.14388489208633093