6 0.8544220665499125 0.7419882275997384 0.07749562171628721 0.1379986919555265
12 0.6556479859894921 0.7213865271419229 0.06611208406304729 0.13996075866579463
2 0.7403677758318739 0.5967952910398954 0.08581436077057793 0.19555264879005888
5 0.6184325744308231 0.2916939175931982 0.06436077057793345 0.17396991497710923
4 0.7151926444833625 0.4054937867887508 0.05560420315236427 0.11249182472204054
4 0.6970227670753065 0.2302158273381295 0.04903677758318739 0.10987573577501634
4 0.6411996497373029 0.5035971223021583 0.047723292469352016 0.10987573577501634
3 0.4577495621716287 0.3865271419228254 0.06436077057793345 0.13603662524525834
4 0.5356830122591943 0.29529103989535643 0.044220665499124345 0.1013734466971877
9 0.5306479859894921 0.12851536952256376 0.05516637478108581 0.1353826030085023
9 0.462784588441331 0.7249836494440811 0.06742556917688267 0.15238718116415959
7 0.4555604203152364 0.5948332243296272 0.05472854640980736 0.1419228253760628
11 0.38178633975481613 0.28253760627861346 0.05866900175131348 0.17658600392413343
8 0.2878721541155867 0.3567691301504251 0.06786339754816112 0.20340091563113147
12 0.23248686514886166 0.04905166775670373 0.047285464098073555 0.09810333551340746
10 0.4568739054290718 0.29561805101373445 0.047723292469352016 0.10202746893394375
10 0.3066987740805604 0.048070634401569654 0.050350262697022766 0.09614126880313931
10 0.30757443082311736 0.20470896010464357 0.04947460595446585 0.10595160235448005
10 0.2769264448336252 0.6010464355788097 0.06085814360770578 0.11118378024852844