11 0.18826619964973731 0.275997383911053 0.06654991243432574 0.17004578155657293
8 0.1705341506129597 0.36396337475474166 0.06961471103327496 0.19162851536952255
9 0.36558669001751315 0.197514715500327 0.05779334500875657 0.13734466971877043
9 0.165061295971979 0.5990843688685416 0.06654991243432574 0.14257684761281883
12 0.25415936952714535 0.7390451275343362 0.0617338003502627 0.13342053629823414
12 0.20796847635726795 0.053629823413996074 0.0542907180385289 0.10725964682799215
7 0.15827495621716287 0.486592544146501 0.06085814360770578 0.13865271419228253
7 0.3631786339754816 0.052321778940483975 0.04947460595446585 0.10464355788096795
10 0.43695271453590195 0.29790712884238063 0.040280210157618214 0.09352517985611511
10 0.4295096322241681 0.14159581425768475 0.03765323992994746 0.09483322432962721
10 0.28612084063047283 0.0591890124264225 0.04159369527145359 0.09614126880313931
10 0.2813047285464098 0.22302158273381295 0.043345008756567424 0.09810333551340746
10 0.27495621716287216 0.4103989535644212 0.05253940455341506 0.0974493132766514
10 0.26510507880910683 0.5117724002616089 0.046847635726795095 0.1039895356442119
10 0.26444833625218916 0.6137998691955526 0.04903677758318739 0.1092217135382603
10 0.4472416812609457 0.7334859385219098 0.05297723292469352 0.1079136690647482
3 0.5901926444833625 0.13080444735120994 0.043782837127845885 0.13211249182472204
3 0.4411120840630473 0.3933943754087639 0.05910683012259194 0.1393067364290386
5 0.7874343257443083 0.28875081752779597 0.06348511383537653 0.1471550032701112
2 0.7900612959719789 0.3669064748201439 0.07399299474605954 0.18443427076520602
6 0.5875656742556917 0.06311314584695879 0.04553415061295972 0.1144538914323087
6 0.8410683012259195 0.7361020274689339 0.07092819614711034 0.1301504251144539
1 0.7521891418563923 0.21026814911706998 0.04203152364273205 0.1327665140614781
1 0.7097197898423818 0.6134728580771747 0.05779334500875657 0.13865271419228253
4 0.707092819614711 0.5091563113145847 0.053415061295971976 0.09614126880313931
4 0.696584938704028 0.40418574231523874 0.049912434325744305 0.10464355788096795
4 0.6177758318739054 0.618378024852845 0.05166374781085814 0.1026814911706998
4 0.6422942206654991 0.7419882275997384 0.05166374781085814 0.105297580117724
4 0.6738178633975481 0.22923479398299543 0.04553415061295972 0.09483322432962721
4 0.6637478108581436 0.1474820143884892 0.03940455341506129 0.0987573577501635
4 0.5199211908931699 0.0670372792674951 0.03896672504378284 0.09614126880313931
4 0.5170753064798599 0.30183126226291696 0.04115586690017513 0.1026814911706998