2 0.7230735551663747 0.6360366252452584 0.07399299474605954 0.19686069326357097
6 0.8489492119089317 0.7795945062132112 0.0691768826619965 0.13603662524525834
12 0.6447022767075307 0.7720732504905167 0.06873905429071804 0.1353826030085023
4 0.6753502626970228 0.25474166121648134 0.04947460595446585 0.1013734466971877
4 0.6236865148861647 0.5434924787442773 0.0521015761821366 0.10071942446043165
5 0.593476357267951 0.32341399607586657 0.06436077057793345 0.17200784826684107
3 0.43695271453590195 0.4352517985611511 0.06217162872154115 0.1393067364290386
4 0.5098511383537653 0.3381294964028777 0.044220665499124345 0.10071942446043165
11 0.35442206654991243 0.3319162851536952 0.06611208406304729 0.16939175931981687
8 0.25985113835376533 0.4182472204054938 0.06786339754816112 0.19555264879005888
12 0.17447460595446584 0.25049051667756705 0.06260945709281962 0.12557226945716154
10 0.4299474605954466 0.34009156311314587 0.04553415061295972 0.09941137998691955
10 0.3548598949211909 0.18181818181818182 0.04947460595446585 0.10725964682799215
10 0.2716725043782837 0.08927403531720078 0.04509632224168126 0.1026814911706998
10 0.2548161120840631 0.6697187704381949 0.05691768826619965 0.11772400261608895