2 0.7694833625218914 0.30052321778940483 0.07924693520140105 0.20340091563113147
1 0.5976357267950964 0.1566383257030739 0.053415061295971976 0.1510791366906475
1 0.35989492119089317 0.540876389797253 0.06654991243432574 0.14911706998037932
3 0.5961033274956217 0.33747547416612167 0.05823117338003503 0.14911706998037932
3 0.4433012259194396 0.7815565729234794 0.08099824868651488 0.16219751471550034
6 0.5720227670753065 0.08469587965990844 0.053852889667250436 0.12753433616742968
6 0.521015761821366 0.4375408763897973 0.06567425569176882 0.13865271419228253
4 0.7408056042031523 0.7835186396337476 0.0691768826619965 0.12949640287769784
4 0.6830122591943958 0.34172661870503596 0.0542907180385289 0.1105297580117724
4 0.49014886164623467 0.17527795945062133 0.046847635726795095 0.10856769130150425
4 0.4194395796847636 0.18181818181818182 0.05604203152364273 0.10987573577501634
4 0.6098949211908932 0.540222367560497 0.05604203152364273 0.11641595814257685
4 0.5440017513134852 0.6657946370176586 0.06348511383537653 0.12426422498364945
8 0.1615586690017513 0.408109875735775 0.08231173380035026 0.2092871157619359
9 0.23489492119089317 0.7880967952910399 0.07574430823117338 0.16088947024198821
11 0.3445709281961471 0.14813603662524527 0.06217162872154115 0.17854807063440156
12 0.20030647985989491 0.08600392413342053 0.059982486865148864 0.1249182472204055
7 0.3550788091068301 0.4238064094179202 0.06304728546409807 0.14780902550686723
7 0.18673380035026269 0.15075212557226947 0.05735551663747811 0.1471550032701112
10 0.41133975481611207 0.08502289077828647 0.05297723292469352 0.10464355788096795
10 0.2725481611208406 0.16939175931981687 0.05122591943957969 0.10725964682799215
10 0.25722416812609455 0.3371484630477436 0.0521015761821366 0.1092217135382603
10 0.25941330998248685 0.4385219097449313 0.059982486865148864 0.1118378024852845
10 0.2491243432574431 0.6664486592544147 0.06654991243432574 0.12034009156311315