6 0.7419001751313485 0.06671026814911707 0.04859894921190893 0.10987573577501634
4 0.7379597197898424 0.7325049051667757 0.05122591943957969 0.11249182472204054
6 0.8404115586690017 0.7357750163505559 0.07049036777583187 0.12818835840418574
10 0.2539404553415061 0.7377370830608241 0.05691768826619965 0.10595160235448005
12 0.14338879159369528 0.7452583387835187 0.0669877408056042 0.1340745585349902
9 0.21015761821366025 0.12655330281229563 0.05604203152364273 0.12622629169391758
3 0.7429947460595446 0.1327665140614781 0.0542907180385289 0.12295618051013735
10 0.28458844133099825 0.1393067364290386 0.04115586690017513 0.09025506867233486
4 0.6650612959719789 0.14519293655984303 0.04115586690017513 0.09417920209287116
7 0.1941768826619965 0.20209287115761937 0.047723292469352016 0.13342053629823414
1 0.7515323992994746 0.21026814911706998 0.044220665499124345 0.12622629169391758
10 0.2819614711033275 0.22400261608894703 0.03940455341506129 0.09614126880313931
4 0.6768826619964974 0.22727272727272727 0.03940455341506129 0.09352517985611511
11 0.18848511383537653 0.2802485284499673 0.06085814360770578 0.16677567037279267
5 0.7819614711033275 0.29529103989535643 0.06567425569176882 0.15761935905820798
10 0.276707530647986 0.30739045127534337 0.043782837127845885 0.09679529103989536
4 0.6856392294220666 0.30935251798561153 0.042907180385288964 0.09810333551340746
8 0.17425569176882663 0.36527141922825374 0.06567425569176882 0.19162851536952255
2 0.7918126094570929 0.3672334859385219 0.07399299474605954 0.18116415958142576
4 0.6978984238178634 0.40156965336821454 0.04553415061295972 0.09810333551340746
10 0.27845884413309985 0.40745585349901897 0.0446584938704028 0.09810333551340746
7 0.1606830122591944 0.486919555264879 0.05604203152364273 0.131458469587966
1 0.8056042031523643 0.4944408109875736 0.06304728546409807 0.13211249182472204
4 0.7110332749562172 0.5071942446043165 0.047285464098073555 0.0987573577501635
10 0.266199649737303 0.512753433616743 0.047285464098073555 0.10202746893394375
12 0.21081436077057794 0.05199476782210595 0.04509632224168126 0.1039895356442119
10 0.2869964973730298 0.058862001308044476 0.04159369527145359 0.09417920209287116
9 0.1674693520140105 0.6030085022890779 0.06611208406304729 0.13996075866579463
3 0.8266199649737302 0.6118378024852845 0.07443082311733801 0.12622629169391758
4 0.723292469352014 0.6154349247874428 0.053415061295971976 0.10333551340745585
10 0.26510507880910683 0.6160889470241988 0.04947460595446585 0.10333551340745585
4 0.660245183887916 0.06409417920209287 0.03940455341506129 0.09679529103989536