11 0.3450087565674256 0.14551994767822107 0.06742556917688267 0.17985611510791366
8 0.1659369527145359 0.30608240680183124 0.07793345008756568 0.2053629823413996
9 0.45140105078809106 0.6471550032701112 0.06567425569176882 0.16415958142576847
6 0.2699211908931699 0.07161543492478745 0.0617338003502627 0.1223021582733813
12 0.4260070052539405 0.1605624591236102 0.05779334500875657 0.1340745585349902
7 0.44089316987740806 0.4326357096141269 0.05866900175131348 0.15369522563767168
10 0.27495621716287216 0.16939175931981687 0.04816112084063047 0.11118378024852844
10 0.26072679509632224 0.3394375408763898 0.05647985989492119 0.11379986919555266
10 0.35070052539404556 0.3299542184434271 0.0542907180385289 0.118378024852845
10 0.3566112084063047 0.5614780902550687 0.05823117338003503 0.1209941137998692
3 0.2425569176882662 0.6461739699149771 0.07092819614711034 0.16219751471550034
1 0.507661996497373 0.23446697187704382 0.05472854640980736 0.1484630477436233
2 0.7723292469352014 0.30085022890778285 0.08581436077057793 0.2092871157619359
4 0.6847635726795096 0.34499672988881624 0.053415061295971976 0.1079136690647482
4 0.6083625218914186 0.5362982341399608 0.0521015761821366 0.12295618051013735
4 0.5411558669001751 0.6644865925441465 0.06042031523642732 0.11903204708960105