2 0.7690455341506129 0.29398299542184436 0.0818739054290718 0.20340091563113147
6 0.5702714535901926 0.08011772400261609 0.059982486865148864 0.1301504251144539
1 0.5074430823117339 0.23054283845650753 0.05604203152364273 0.1497710922171354
4 0.4196584938704028 0.17658600392413343 0.047723292469352016 0.11641595814257685
4 0.6821366024518388 0.34172661870503596 0.05166374781085814 0.1131458469587966
4 0.6066112084063048 0.540876389797253 0.05823117338003503 0.11772400261608895
4 0.5398423817863398 0.6651406147809026 0.0595446584938704 0.12295618051013735
3 0.4338879159369527 0.6536952256376717 0.06654991243432574 0.15369522563767168
3 0.23905429071803852 0.6383257030739045 0.07355516637478109 0.15565729234793982
11 0.345446584938704 0.14780902550686723 0.0595446584938704 0.17527795945062133
12 0.19614711033274956 0.09123610202746893 0.06654991243432574 0.1327665140614781
8 0.1681260945709282 0.3057553956834532 0.07355516637478109 0.20340091563113147
9 0.23467600700525393 0.7880967952910399 0.07793345008756568 0.16088947024198821
7 0.4395796847635727 0.4323086984957489 0.0595446584938704 0.14780902550686723
10 0.34654115586690015 0.329300196206671 0.05472854640980736 0.1196860693263571
10 0.2716725043782837 0.1671026814911707 0.04947460595446585 0.1131458469587966
10 0.2600700525394046 0.33747547416612167 0.04816112084063047 0.11510791366906475
10 0.35464098073555167 0.5601700457815566 0.05691768826619965 0.1209941137998692