3 0.7132224168126094 0.6137998691955526 0.07355516637478109 0.1432308698495749
6 0.8388791593695272 0.7315238718116416 0.07618213660245184 0.1379986919555265
2 0.7883099824868651 0.368214519293656 0.0766199649737303 0.2014388489208633
5 0.5978546409807356 0.2943100065402224 0.06348511383537653 0.18181818181818182
6 0.587784588441331 0.06311314584695879 0.05122591943957969 0.1170699803793329
9 0.5890980735551664 0.13113145846958796 0.053852889667250436 0.131458469587966
9 0.4411120840630473 0.3933943754087639 0.0617338003502627 0.1366906474820144
4 0.5197022767075307 0.0670372792674951 0.046409807355516634 0.1039895356442119
4 0.6773204903677759 0.22858077174623936 0.04903677758318739 0.1000654022236756
4 0.6628721541155866 0.144538914323087 0.047285464098073555 0.09810333551340746
4 0.6987740805604203 0.4022236756049706 0.050788091068301226 0.10856769130150425
4 0.7062171628721541 0.5045781556572924 0.05516637478108581 0.1092217135382603
4 0.6407618213660246 0.737410071942446 0.06523642732049037 0.1118378024852845
4 0.5183887915936952 0.29790712884238063 0.04816112084063047 0.1079136690647482
8 0.172723292469352 0.3642903858731197 0.07574430823117338 0.197514715500327
12 0.20665499124343256 0.052975801177240024 0.05516637478108581 0.10595160235448005
12 0.25328371278458844 0.7416612164813604 0.06961471103327496 0.13996075866579463
7 0.1569614711033275 0.4856115107913669 0.0669877408056042 0.1406147809025507
11 0.18739054290718038 0.276324395029431 0.06742556917688267 0.17200784826684107
9 0.3638353765323993 0.19555264879005888 0.0595446584938704 0.13734466971877043
9 0.16330998248686515 0.6010464355788097 0.07092819614711034 0.14650098103335513
10 0.43695271453590195 0.30117724002616086 0.04553415061295972 0.1026814911706998
10 0.2850262697022767 0.05689993459777633 0.04816112084063047 0.09810333551340746
10 0.2813047285464098 0.22400261608894703 0.050350262697022766 0.1066056245912361
10 0.2729859894921191 0.41236102027468935 0.0521015761821366 0.1039895356442119
10 0.26444833625218916 0.5124264224983649 0.05516637478108581 0.1026814911706998
10 0.26160245183887915 0.6137998691955526 0.05647985989492119 0.1079136690647482
10 0.4478984238178634 0.7328319162851537 0.05691768826619965 0.1157619359058208