6 0.8369089316987741 0.7308698495748855 0.0766199649737303 0.1366906474820144
2 0.8027583187390543 0.48463047743623283 0.0915061295971979 0.2053629823413996
5 0.5974168126094571 0.2916939175931982 0.06348511383537653 0.17658600392413343
9 0.5048161120840631 0.13440156965336822 0.06567425569176882 0.131458469587966
4 0.5205779334500875 0.06442119032047089 0.047285464098073555 0.1000654022236756
4 0.6948336252189142 0.40418574231523874 0.053415061295971976 0.11510791366906475
4 0.6733800350262698 0.2262916939175932 0.05604203152364273 0.10333551340745585
4 0.5157618213660246 0.302812295618051 0.04816112084063047 0.10595160235448005
4 0.6252189141856392 0.5019620667102681 0.05516637478108581 0.1131458469587966
3 0.4395796847635727 0.3933943754087639 0.06129597197898424 0.1379986919555265
9 0.1600262697022767 0.5990843688685416 0.07574430823117338 0.14650098103335513
11 0.36055166374781084 0.2907128842380641 0.06523642732049037 0.16939175931981687
8 0.26882661996497376 0.3672334859385219 0.07705779334500876 0.19686069326357097
10 0.26204028021015763 0.6160889470241988 0.05823117338003503 0.11249182472204054
12 0.2537215411558669 0.7439502943100066 0.06961471103327496 0.1379986919555265
12 0.20490367775831875 0.0539568345323741 0.06129597197898424 0.1079136690647482
10 0.28152364273204905 0.05559189012426422 0.053415061295971976 0.10987573577501634
10 0.436077057793345 0.30379332897318506 0.05691768826619965 0.105297580117724
10 0.28633975481611207 0.22007848266841074 0.047285464098073555 0.1131458469587966
7 0.4373905429071804 0.5984303466317855 0.06742556917688267 0.14780902550686723
10 0.4463660245183888 0.7361020274689339 0.05910683012259194 0.118378024852845