6 0.8395359019264448 0.7334859385219098 0.07837127845884413 0.1406147809025507
2 0.8097635726795096 0.486592544146501 0.08012259194395797 0.2040549378678875
4 0.521891418563923 0.06638325703073905 0.04553415061295972 0.1066056245912361
3 0.44089316987740806 0.394702419882276 0.06742556917688267 0.1393067364290386
8 0.2672942206654991 0.3721386527141923 0.07574430823117338 0.2040549378678875
11 0.3607705779334501 0.2907128842380641 0.06654991243432574 0.18770438194898625
5 0.5978546409807356 0.2920209287115762 0.0669877408056042 0.17724002616088946
4 0.6635288966725044 0.1435578809679529 0.04859894921190893 0.1092217135382603
4 0.6738178633975481 0.223675604970569 0.049912434325744305 0.10856769130150425
4 0.6981173380035026 0.4054937867887508 0.0521015761821366 0.10595160235448005
4 0.6239054290718039 0.5068672334859385 0.06042031523642732 0.11772400261608895
4 0.5153239929947461 0.2975801177240026 0.053415061295971976 0.11641595814257685
9 0.5059106830122592 0.1327665140614781 0.06523642732049037 0.14911706998037932
9 0.1630910683012259 0.6010464355788097 0.07486865148861646 0.15173315892740352
12 0.2559106830122592 0.7455853499018966 0.08450087565674255 0.14650098103335513
12 0.2053415061295972 0.0552648790058862 0.06042031523642732 0.1105297580117724
7 0.4382661996497373 0.5994113799869195 0.06654991243432574 0.1484630477436233
10 0.43629597197898423 0.30085022890778285 0.053852889667250436 0.10071942446043165
10 0.2841506129597198 0.0552648790058862 0.050788091068301226 0.0974493132766514
10 0.2841506129597198 0.21550032701111838 0.05166374781085814 0.1157619359058208
10 0.2611646234676007 0.6151079136690647 0.06260945709281962 0.1170699803793329
10 0.44964973730297725 0.738064094179202 0.0595446584938704 0.1144538914323087