6 0.8509194395796847 0.7432962720732504 0.07049036777583187 0.1366906474820144
2 0.7370840630472855 0.5958142576847613 0.08712784588441332 0.2132112491824722
5 0.6158056042031523 0.289404839764552 0.06873905429071804 0.17200784826684107
4 0.6976795096322241 0.22465663832570307 0.04597197898423818 0.1066056245912361
4 0.6411996497373029 0.5035971223021583 0.050350262697022766 0.11510791366906475
4 0.5341506129597198 0.2975801177240026 0.049912434325744305 0.10856769130150425
3 0.45840630472854643 0.39012426422498364 0.07355516637478109 0.1419228253760628
11 0.3793782837127846 0.2844996729888816 0.06611208406304729 0.18443427076520602
8 0.28765323992994746 0.35480706344015694 0.07092819614711034 0.20601700457815567
10 0.4531523642732049 0.29561805101373445 0.05604203152364273 0.10987573577501634
10 0.38528896672504376 0.13570961412688032 0.05166374781085814 0.1066056245912361
10 0.3040718038528897 0.05068672334859385 0.047723292469352016 0.1013734466971877
10 0.27561295971978983 0.6017004578155657 0.06348511383537653 0.12557226945716154
12 0.20884413309982486 0.1984957488554611 0.06304728546409807 0.12884238064094178
12 0.6576182136602452 0.724002616088947 0.07355516637478109 0.15434924787442772