2 0.7692644483362522 0.29823413996075865 0.08056042031523643 0.2027468933943754
1 0.5947898423817863 0.157946370176586 0.05560420315236427 0.1432308698495749
6 0.5733362521891419 0.08502289077828647 0.05823117338003503 0.11772400261608895
6 0.5161996497373029 0.24362328319162851 0.063922942206655 0.1223021582733813
3 0.43936077057793343 0.2485284499672989 0.05735551663747811 0.13211249182472204
4 0.42053415061295973 0.1814911706998038 0.0521015761821366 0.105297580117724
4 0.6856392294220666 0.3410725964682799 0.049912434325744305 0.1079136690647482
4 0.6066112084063048 0.540876389797253 0.0521015761821366 0.11641595814257685
4 0.7410245183887916 0.7828646173969915 0.06085814360770578 0.11772400261608895
4 0.5413747810858144 0.6657946370176586 0.06085814360770578 0.12426422498364945
3 0.4433012259194396 0.7795945062132112 0.07311733800350263 0.16612164813603664
8 0.1600262697022767 0.408436886854153 0.08450087565674255 0.20601700457815567
12 0.19658493870402802 0.08338783518639634 0.0647985989492119 0.1327665140614781
9 0.236646234676007 0.788750817527796 0.0818739054290718 0.16219751471550034
11 0.3423817863397548 0.1484630477436233 0.06742556917688267 0.18181818181818182
7 0.1845446584938704 0.1497710922171354 0.05823117338003503 0.14126880313930673
7 0.3550788091068301 0.4274035317200785 0.06042031523642732 0.1458469587965991
10 0.5043782837127846 0.15958142576847612 0.053415061295971976 0.10987573577501634
10 0.2732049036777583 0.16677567037279267 0.05691768826619965 0.11379986919555266
10 0.25766199649737304 0.3358404185742315 0.0521015761821366 0.1092217135382603
10 0.25547285464098074 0.43623283191628515 0.06085814360770578 0.11249182472204054
10 0.3566112084063047 0.5604970568999346 0.0617338003502627 0.12034009156311315