5 0.784369527145359 0.29659908436886856 0.07136602451838879 0.16285153695225638
2 0.7907180385288967 0.36886854153041204 0.07705779334500876 0.18705035971223022
6 0.8410683012259195 0.7308698495748855 0.07180385288966724 0.1353826030085023
6 0.7412434325744308 0.06605624591236102 0.05166374781085814 0.11118378024852844
1 0.7530647985989493 0.21124918247220406 0.047285464098073555 0.13080444735120994
1 0.7086252189141856 0.6154349247874428 0.059982486865148864 0.12426422498364945
4 0.6985551663747811 0.39928057553956836 0.044220665499124345 0.09614126880313931
4 0.7095008756567426 0.5052321778940484 0.04859894921190893 0.1026814911706998
4 0.6425131348511384 0.7390451275343362 0.05122591943957969 0.10071942446043165
4 0.6177758318739054 0.6147809025506867 0.050788091068301226 0.10725964682799215
4 0.6771015761821366 0.2289077828646174 0.04246935201401051 0.09287115761935906
4 0.6650612959719789 0.1461739699149771 0.03940455341506129 0.08960104643557881
4 0.6589316987740805 0.0618051013734467 0.040280210157618214 0.0987573577501635
3 0.5890980735551664 0.13178548070634402 0.047723292469352016 0.131458469587966
3 0.6287215411558669 0.48266841072596467 0.06129597197898424 0.13865271419228253
4 0.5168563922942206 0.302158273381295 0.043345008756567424 0.10202746893394375
11 0.18892294220665498 0.27665140614780903 0.059982486865148864 0.16612164813603664
8 0.17359894921190894 0.3623283191628515 0.06611208406304729 0.1935905820797907
7 0.16199649737302976 0.48790058862001306 0.05516637478108581 0.13472858077174624
7 0.19352014010507881 0.2014388489208633 0.050788091068301226 0.13080444735120994
9 0.36690017513134854 0.1998037933289732 0.05866900175131348 0.1484630477436233
9 0.1687828371278459 0.5977763243950295 0.06786339754816112 0.15173315892740352
10 0.4516199649737303 0.7357750163505559 0.0521015761821366 0.10464355788096795
10 0.2613835376532399 0.6160889470241988 0.05691768826619965 0.10333551340745585
10 0.2642294220665499 0.5176586003924133 0.05735551663747811 0.1079136690647482
10 0.2751751313485114 0.40974493132766515 0.053852889667250436 0.0987573577501635
10 0.2775831873905429 0.30935251798561153 0.05779334500875657 0.09679529103989536
10 0.28064798598949214 0.22269457161543493 0.050788091068301226 0.09221713538260301
10 0.2856830122591944 0.13963374754741661 0.05122591943957969 0.08960104643557881
10 0.28612084063047283 0.058862001308044476 0.03809106830122592 0.09417920209287116
12 0.20928196147110334 0.05330281229561805 0.04903677758318739 0.1066056245912361
12 0.2548161120840631 0.7393721386527142 0.06129597197898424 0.1327665140614781