5 0.783493870402802 0.29594506213211247 0.07399299474605954 0.16415958142576847
2 0.7887478108581436 0.3701765860039241 0.07399299474605954 0.18966644865925442
6 0.8393169877408057 0.7338129496402878 0.07443082311733801 0.13211249182472204
6 0.7397110332749562 0.0670372792674951 0.044220665499124345 0.1092217135382603
1 0.7539404553415061 0.21092217135382604 0.047285464098073555 0.1353826030085023
1 0.7095008756567426 0.6147809025506867 0.06085814360770578 0.13603662524525834
4 0.6600262697022767 0.060170045781556575 0.04246935201401051 0.09679529103989536
4 0.6768826619964974 0.22923479398299543 0.040280210157618214 0.0987573577501635
4 0.6652802101576182 0.14551994767822107 0.03984238178633975 0.09483322432962721
4 0.7105954465849387 0.5062132112491825 0.05253940455341506 0.09548724656638326
4 0.6981173380035026 0.4002616088947024 0.043345008756567424 0.10333551340745585
4 0.6444833625218914 0.7390451275343362 0.04816112084063047 0.10464355788096795
4 0.6184325744308231 0.617724002616089 0.05122591943957969 0.1092217135382603
4 0.5172942206654991 0.3001962066710268 0.044220665499124345 0.09941137998691955
3 0.589754816112084 0.13080444735120994 0.050788091068301226 0.12688031393067364
3 0.4441768826619965 0.38881621975147157 0.05560420315236427 0.1419228253760628
11 0.18848511383537653 0.275670372792675 0.06085814360770578 0.16808371484630477
8 0.17316112084063048 0.36102027468933945 0.06436077057793345 0.18705035971223022
7 0.19461471103327496 0.2024198822759974 0.047723292469352016 0.1327665140614781
7 0.16024518388791595 0.4895356442119032 0.05516637478108581 0.131458469587966
9 0.3640542907180385 0.2014388489208633 0.04859894921190893 0.14126880313930673
9 0.16571803852889666 0.6026814911706998 0.0669877408056042 0.1406147809025507
12 0.25459719789842383 0.7406801831262263 0.059982486865148864 0.1353826030085023
12 0.2081873905429072 0.052648790058862 0.043345008756567424 0.105297580117724
10 0.2852451838879159 0.05689993459777633 0.03633975481611208 0.09156311314584696
10 0.2856830122591944 0.13636363636363635 0.03896672504378284 0.08829300196206671
10 0.2819614711033275 0.223675604970569 0.03852889667250438 0.09156311314584696
10 0.276707530647986 0.30739045127534337 0.043782837127845885 0.09810333551340746
10 0.27583187390542907 0.407782864617397 0.046409807355516634 0.0974493132766514
10 0.26510507880910683 0.5094833224329627 0.046847635726795095 0.10071942446043165
10 0.2635726795096322 0.6131458469587966 0.04903677758318739 0.1039895356442119
10 0.4485551663747811 0.7344669718770438 0.05122591943957969 0.11249182472204054